000001
8
0.975914 -0.015595 -0.212948 0.044745 0.067199 0.003876 0.417116 
5
0.988333 0.119245 -0.088694 0.033341 0.075275 0.151673 0.509553 
9
0.992144 0.042564 -0.108996 0.044244 0.168636 0.230370 0.269137 
4
0.959684 0.155612 -0.210277 -0.102834 0.564877 0.343076 -0.030371 
000002
8
0.975801 -0.015319 -0.213609 0.044144 0.067312 0.003109 0.417836 
5
0.988240 0.119598 -0.089427 0.032875 0.075417 0.150819 0.510410 
9
0.992076 0.042901 -0.109697 0.043717 0.169178 0.229624 0.270185 
4
0.959425 0.155981 -0.210951 -0.103312 0.565933 0.342178 -0.028699 
000003
8
0.975710 -0.015754 -0.213947 0.044372 0.064928 0.002516 0.418233 
5
0.988258 0.119144 -0.089756 0.033098 0.072924 0.150313 0.510677 
9
0.992049 0.042444 -0.110034 0.043921 0.166839 0.228924 0.270449 
4
0.959434 0.155607 -0.211328 -0.103024 0.563781 0.341313 -0.028248 
000004
8
0.975648 -0.015607 -0.214235 0.044385 0.063102 0.005477 0.417483 
5
0.988212 0.119290 -0.090039 0.033169 0.071030 0.153247 0.509977 
9
0.992009 0.042588 -0.110323 0.043967 0.165075 0.231941 0.269827 
4
0.959354 0.155794 -0.211580 -0.102963 0.562176 0.344462 -0.028609 
000005
8
0.975703 -0.017870 -0.213632 0.045223 0.061710 0.006314 0.417909 
5
0.988532 0.116950 -0.089414 0.033642 0.069638 0.154534 0.509680 
9
0.992151 0.040251 -0.109695 0.044530 0.163386 0.232127 0.269057 
4
0.959869 0.153493 -0.211286 -0.102224 0.560110 0.343460 -0.030326 
000006
8
0.975605 -0.017456 -0.214187 0.044891 0.063724 0.005737 0.418589 
5
0.988432 0.117405 -0.090000 0.033443 0.071617 0.153861 0.510516 
9
0.992080 0.040697 -0.110271 0.044278 0.165663 0.231653 0.270073 
4
0.959653 0.153981 -0.211796 -0.102457 0.562765 0.343108 -0.028762 
000007
8
0.975700 -0.017005 -0.213774 0.044946 0.064045 0.005284 0.418622 
5
0.988419 0.117839 -0.089558 0.033492 0.071978 0.153335 0.510664 
9
0.992106 0.041140 -0.109842 0.044353 0.165790 0.231351 0.270201 
4
0.959698 0.154359 -0.211306 -0.102479 0.562594 0.343162 -0.028895 
000008
8
0.975665 -0.016558 -0.214019 0.044715 0.065657 0.004745 0.419842 
5
0.988344 0.118310 -0.089817 0.033351 0.073584 0.152702 0.512034 
9
0.992066 0.041608 -0.110098 0.044184 0.167526 0.230933 0.271692 
4
0.959560 0.154832 -0.211495 -0.102668 0.564496 0.342942 -0.027110 
000009
8
0.975563 -0.016878 -0.214471 0.044663 0.066622 0.005612 0.420709 
5
0.988338 0.118005 -0.090292 0.033327 0.074493 0.153620 0.512826 
9
0.992030 0.041295 -0.110564 0.044128 0.168681 0.231695 0.272530 
4
0.959492 0.154587 -0.212000 -0.102637 0.565961 0.343450 -0.025956 
000010
8
0.975591 -0.017449 -0.214180 0.045217 0.068391 0.004649 0.419972 
5
0.988430 0.117371 -0.089950 0.033764 0.076190 0.152790 0.511881 
9
0.992070 0.040670 -0.110245 0.044602 0.170183 0.230611 0.271426 
4
0.959698 0.153986 -0.211744 -0.102138 0.567207 0.342282 -0.027432 
000011
8
0.975781 -0.016448 -0.212940 0.047300 0.068222 0.007688 0.419927 
5
0.988415 0.118087 -0.088390 0.035756 0.075609 0.155775 0.511957 
9
0.992095 0.041447 -0.108855 0.046694 0.168615 0.234241 0.271328 
4
0.960130 0.154777 -0.210075 -0.100317 0.564342 0.347955 -0.028478 
000012
8
0.975666 -0.017128 -0.213082 0.048762 0.069390 0.009942 0.419761 
5
0.988467 0.117236 -0.088372 0.037136 0.076364 0.158226 0.511506 
9
0.992055 0.040617 -0.108926 0.048086 0.169250 0.236464 0.270756 
4
0.960372 0.154134 -0.210137 -0.098849 0.564786 0.350617 -0.029134 
000013
8
0.975718 -0.018866 -0.212658 0.048935 0.068648 0.009986 0.419914 
5
0.988709 0.115497 -0.087992 0.037042 0.075747 0.158588 0.511134 
9
0.992172 0.038872 -0.108509 0.048053 0.168500 0.235942 0.270048 
4
0.960692 0.152372 -0.210013 -0.098736 0.563879 0.348876 -0.030512 
000014
8
0.975950 -0.020295 -0.211445 0.049002 0.069110 0.009146 0.419922 
5
0.988989 0.114070 -0.086819 0.036766 0.076502 0.158009 0.510690 
9
0.992367 0.037447 -0.107295 0.047896 0.168736 0.234607 0.269163 
4
0.961130 0.150794 -0.209081 -0.098868 0.563474 0.346444 -0.032645 
000015
8
0.975887 -0.019649 -0.211696 0.049429 0.071191 0.009807 0.421783 
5
0.988886 0.114655 -0.086990 0.037299 0.078376 0.158578 0.512718 
9
0.992295 0.038043 -0.107516 0.048402 0.170629 0.235546 0.271316 
4
0.961057 0.151463 -0.209150 -0.098410 0.565372 0.348159 -0.030197 
000016
8
0.975743 -0.019938 -0.212329 0.049452 0.071911 0.012657 0.421900 
5
0.988859 0.114374 -0.087637 0.037379 0.078982 0.161475 0.512768 
9
0.992235 0.037753 -0.108161 0.048437 0.171557 0.238315 0.271449 
4
0.960956 0.151276 -0.209815 -0.098274 0.566704 0.350757 -0.029600 
000017
8
0.975830 -0.021368 -0.211857 0.049157 0.071072 0.012816 0.421605 
5
0.989070 0.112996 -0.087258 0.036852 0.078396 0.161871 0.512063 
9
0.992358 0.036362 -0.107719 0.047967 0.170869 0.237944 0.270462 
4
0.961184 0.149807 -0.209652 -0.098632 0.565909 0.349092 -0.031208 
000018
8
0.975883 -0.021915 -0.211475 0.049493 0.070323 0.012935 0.421493 
5
0.989165 0.112412 -0.086852 0.037065 0.077653 0.162106 0.511760 
9
0.992410 0.035784 -0.107320 0.048221 0.169919 0.237916 0.269998 
4
0.961373 0.149216 -0.209333 -0.098363 0.564694 0.348846 -0.032097 
000019
8
0.975780 -0.022281 -0.211899 0.049560 0.068278 0.013925 0.420338 
5
0.989165 0.112046 -0.087286 0.037148 0.075526 0.163159 0.510506 
9
0.992373 0.035412 -0.107752 0.048276 0.168011 0.238799 0.268774 
4
0.961331 0.148921 -0.209803 -0.098220 0.563059 0.349518 -0.033042 
000020
8
0.975540 -0.022847 -0.212941 0.049564 0.066793 0.011996 0.419993 
5
0.989128 0.111496 -0.088359 0.037235 0.073867 0.161321 0.510025 
9
0.992276 0.034848 -0.108817 0.048290 0.166894 0.236700 0.268420 
4
0.961169 0.148524 -0.210917 -0.098028 0.562620 0.347050 -0.032643 
000021
8
0.975373 -0.022828 -0.213549 0.050228 0.066142 0.009293 0.419092 
5
0.989059 0.111438 -0.088886 0.037979 0.072905 0.158645 0.509104 
9
0.992180 0.034796 -0.109397 0.048991 0.166125 0.234103 0.267598 
4
0.961119 0.148634 -0.211415 -0.097268 0.562070 0.344929 -0.033001 
000022
8
0.975459 -0.021532 -0.213148 0.050826 0.065022 0.009663 0.418047 
5
0.988945 0.112637 -0.088351 0.038662 0.071621 0.158824 0.508386 
9
0.992152 0.036022 -0.108937 0.049691 0.164477 0.234980 0.266959 
4
0.961138 0.149839 -0.210711 -0.096764 0.559940 0.347147 -0.033777 
000023
8
0.975283 -0.020180 -0.214349 0.049695 0.067130 0.009256 0.417867 
5
0.988688 0.114123 -0.089654 0.037879 0.073750 0.158113 0.508704 
9
0.992003 0.037484 -0.110201 0.048783 0.167288 0.234904 0.267741 
4
0.960572 0.151342 -0.211791 -0.097680 0.563625 0.347425 -0.031709 
000024
8
0.975155 -0.019044 -0.215311 0.048484 0.067517 0.014429 0.418170 
5
0.988476 0.115402 -0.090734 0.036957 0.074238 0.163017 0.509440 
9
0.991890 0.038738 -0.111230 0.047758 0.168366 0.240317 0.268870 
4
0.960070 0.152597 -0.212687 -0.098713 0.565466 0.352959 -0.029522 
000025
8
0.975139 -0.021531 -0.215235 0.048105 0.066561 0.017454 0.418728 
5
0.988772 0.112996 -0.090808 0.036281 0.073541 0.166457 0.509300 
9
0.992015 0.036306 -0.111210 0.047122 0.167835 0.242455 0.268381 
4
0.960324 0.150155 -0.213111 -0.099075 0.565172 0.352975 -0.030489 
000026
8
0.975045 -0.024043 -0.215415 0.048014 0.065779 0.016199 0.418170 
5
0.989036 0.110532 -0.091106 0.035923 0.072887 0.165630 0.508023 
9
0.992094 0.033818 -0.111434 0.046787 0.167428 0.240343 0.266799 
4
0.960555 0.147727 -0.213750 -0.099106 0.565093 0.348920 -0.032348 
000027
8
0.975055 -0.024229 -0.215409 0.047745 0.063881 0.014839 0.417503 
5
0.989060 0.110382 -0.091142 0.035635 0.071078 0.164288 0.507320 
9
0.992111 0.033662 -0.111446 0.046500 0.165668 0.238885 0.266079 
4
0.960541 0.147545 -0.213815 -0.099370 0.563403 0.347147 -0.033089 
000028
8
0.974916 -0.023684 -0.216349 0.046588 0.064905 0.016490 0.418443 
5
0.988916 0.111073 -0.092217 0.034695 0.072225 0.165777 0.508519 
9
0.992022 0.034324 -0.112458 0.045467 0.167419 0.240584 0.267580 
4
0.960119 0.148219 -0.214788 -0.100348 0.565932 0.348556 -0.030655 
000029
8
0.974865 -0.025017 -0.216534 0.046103 0.064377 0.015429 0.418523 
5
0.989049 0.109820 -0.092522 0.034087 0.071875 0.164919 0.508248 
9
0.992066 0.033050 -0.112693 0.044861 0.167309 0.239009 0.267183 
4
0.960161 0.146943 -0.215274 -0.100778 0.566142 0.345671 -0.031095 
000030
8
0.974656 -0.024985 -0.217612 0.045464 0.066981 0.013582 0.419355 
5
0.988941 0.109940 -0.093691 0.033616 0.074452 0.163024 0.509161 
9
0.991959 0.033147 -0.113823 0.044299 0.170508 0.237107 0.268340 
4
0.959831 0.147136 -0.216403 -0.101218 0.570125 0.343434 -0.029006 
000031
8
0.974597 -0.024500 -0.217980 0.045222 0.070547 0.012890 0.420396 
5
0.988853 0.110451 -0.094074 0.033488 0.077990 0.162233 0.510369 
9
0.991906 0.033653 -0.114203 0.044132 0.174234 0.236553 0.269697 
4
0.959663 0.147664 -0.216707 -0.101396 0.574088 0.343106 -0.027250 
000032
8
0.974710 -0.024482 -0.217199 0.046541 0.069259 0.012362 0.420609 
5
0.988919 0.110298 -0.093114 0.034677 0.076472 0.161778 0.510479 
9
0.991953 0.033534 -0.113335 0.045394 0.172133 0.236195 0.269605 
4
0.960012 0.147565 -0.215764 -0.100237 0.571229 0.343580 -0.028061 
000033
8
0.974588 -0.024599 -0.217576 0.047269 0.071972 0.007016 0.420294 
5
0.988888 0.110095 -0.093406 0.035434 0.078906 0.156489 0.510093 
9
0.991886 0.033340 -0.113679 0.046129 0.174648 0.230916 0.269254 
4
0.960037 0.147507 -0.216054 -0.099454 0.573822 0.338705 -0.028162 
000034
8
0.974953 -0.022731 -0.216088 0.047506 0.070116 0.003514 0.420011 
5
0.988828 0.111896 -0.091796 0.035673 0.077169 0.152687 0.510297 
9
0.991984 0.035175 -0.112127 0.046459 0.172041 0.228047 0.269404 
4
0.960191 0.149111 -0.214238 -0.099502 0.570120 0.337319 -0.028936 
000035
8
0.974807 -0.020298 -0.217157 0.046717 0.071511 0.003537 0.420405 
5
0.988452 0.114402 -0.092877 0.035335 0.078450 0.152237 0.511476 
9
0.991789 0.037676 -0.113222 0.045993 0.173823 0.228804 0.271162 
4
0.959571 0.151649 -0.214948 -0.100114 0.572530 0.339450 -0.025831 
000036
8
0.975243 -0.020931 -0.215342 0.045729 0.074482 0.002558 0.420638 
5
0.988714 0.113885 -0.091199 0.034027 0.082095 0.151329 0.511540 
9
0.992063 0.037153 -0.111445 0.044830 0.176773 0.227445 0.270809 
4
0.959915 0.150759 -0.213431 -0.101397 0.574654 0.336883 -0.027735 
000037
8
0.975400 -0.021031 -0.214524 0.046172 0.073950 -0.000908 0.420768 
5
0.988802 0.113724 -0.090320 0.034334 0.081601 0.147910 0.511590 
9
0.992147 0.037008 -0.110591 0.045208 0.175817 0.223990 0.270666 
4
0.960167 0.150538 -0.212593 -0.101104 0.573114 0.333599 -0.028592 
000038
8
0.975471 -0.019419 -0.214282 0.046500 0.074319 -0.003819 0.419914 
5
0.988639 0.115270 -0.089968 0.034812 0.081835 0.144737 0.511175 
9
0.992098 0.038576 -0.110303 0.045682 0.175790 0.221660 0.270416 
4
0.960078 0.152077 -0.212023 -0.100840 0.572743 0.332683 -0.028777 
000039
8
0.975594 -0.017203 -0.213892 0.046592 0.075404 -0.004145 0.419596 
5
0.988418 0.117440 -0.089472 0.035106 0.082850 0.144029 0.511480 
9
0.992045 0.040770 -0.109872 0.045975 0.176473 0.222079 0.270955 
4
0.959916 0.154184 -0.211233 -0.100839 0.572997 0.334813 -0.028168 
000040
8
0.975772 -0.016576 -0.213064 0.046874 0.075697 -0.004055 0.419179 
5
0.988422 0.118015 -0.088575 0.035339 0.083190 0.144031 0.511202 
9
0.992102 0.041365 -0.109006 0.046266 0.176330 0.222401 0.270594 
4
0.960061 0.154671 -0.210276 -0.100712 0.572238 0.335750 -0.029110 
000041
8
0.975885 -0.017124 -0.212459 0.047083 0.074749 -0.004045 0.418514 
5
0.988543 0.117444 -0.087959 0.035394 0.082330 0.144153 0.510349 
9
0.992188 0.040799 -0.108387 0.046379 0.175173 0.222245 0.269535 
4
0.960286 0.154045 -0.209757 -0.100608 0.570710 0.335287 -0.030775 
000042
8
0.975891 -0.016655 -0.212769 0.045700 0.077775 -0.006739 0.418366 
5
0.988469 0.118080 -0.088432 0.034131 0.085669 0.141299 0.510433 
9
0.992180 0.041410 -0.108775 0.045072 0.178853 0.219528 0.269795 
4
0.959978 0.154550 -0.210163 -0.101918 0.574853 0.332044 -0.030102 
000043
8
0.976131 -0.015123 -0.211922 0.045045 0.078787 -0.005092 0.417881 
5
0.988373 0.119664 -0.087600 0.033544 0.086954 0.142645 0.510406 
9
0.992229 0.043003 -0.107931 0.044524 0.179740 0.221581 0.269846 
4
0.959892 0.155919 -0.209152 -0.102723 0.575254 0.334790 -0.030432 
000044
8
0.976235 -0.015144 -0.211447 0.045020 0.079281 -0.003125 0.417838 
5
0.988421 0.119642 -0.087126 0.033449 0.087549 0.144618 0.510345 
9
0.992285 0.042986 -0.107450 0.044466 0.180109 0.223530 0.269690 
4
0.959994 0.155828 -0.208698 -0.102831 0.575341 0.336685 -0.030979 
000045
8
0.976069 -0.015751 -0.212223 0.044740 0.080806 -0.003044 0.417939 
5
0.988421 0.119086 -0.087970 0.033213 0.089035 0.144785 0.510311 
9
0.992234 0.042410 -0.108263 0.044176 0.182052 0.223384 0.269729 
4
0.959860 0.155351 -0.209600 -0.102965 0.577866 0.335936 -0.030400 
000046
8
0.976219 -0.015644 -0.211508 0.044904 0.080333 -0.004589 0.417829 
5
0.988476 0.119164 -0.087223 0.033285 0.088650 0.143235 0.510201 
9
0.992305 0.042500 -0.107526 0.044304 0.181285 0.221884 0.269489 
4
0.960026 0.155348 -0.208863 -0.102929 0.576619 0.334591 -0.031215 
000047
8
0.976309 -0.014338 -0.211185 0.044907 0.079127 -0.005486 0.417676 
5
0.988350 0.120448 -0.086844 0.033395 0.087436 0.142109 0.510413 
9
0.992281 0.043799 -0.107181 0.044420 0.179840 0.221415 0.269828 
4
0.959938 0.156575 -0.208314 -0.102994 0.574877 0.335094 -0.030901 
000048
8
0.976213 -0.013556 -0.211688 0.044864 0.081498 -0.005416 0.417474 
5
0.988208 0.121228 -0.087325 0.033517 0.089679 0.142035 0.510453 
9
0.992188 0.044579 -0.107683 0.044489 0.182291 0.221747 0.270082 
4
0.959728 0.157414 -0.208668 -0.102955 0.577583 0.336009 -0.030089 
000049
8
0.976254 -0.012907 -0.211477 0.045153 0.082523 -0.005922 0.417925 
5
0.988147 0.121829 -0.087049 0.033847 0.090629 0.141430 0.511067 
9
0.992171 0.045194 -0.107443 0.044829 0.183055 0.221491 0.270740 
4
0.959734 0.158016 -0.208307 -0.102714 0.578103 0.336419 -0.029498 
000050
8
0.976428 -0.012066 -0.210485 0.046242 0.084602 -0.007579 0.417355 
5
0.988129 0.122513 -0.085874 0.034877 0.092544 0.139691 0.510641 
9
0.992204 0.045917 -0.106364 0.045933 0.184267 0.220240 0.270208 
4
0.959991 0.158687 -0.207043 -0.101824 0.578397 0.336461 -0.030738 
000051
8
0.976608 -0.009936 -0.209350 0.048061 0.086471 -0.007705 0.417048 
5
0.987955 0.124372 -0.084409 0.036756 0.094002 0.139291 0.510799 
9
0.992157 0.047842 -0.105081 0.047885 0.184758 0.221033 0.270402 
4
0.960212 0.160594 -0.205309 -0.100251 0.577607 0.339980 -0.031154 
000052
8
0.976645 -0.009259 -0.209154 0.048311 0.087427 -0.007948 0.417604 
5
0.987886 0.125006 -0.084152 0.037054 0.094890 0.138941 0.511528 
9
0.992135 0.048489 -0.104859 0.048190 0.185470 0.221041 0.271187 
4
0.960202 0.161225 -0.204962 -0.100045 0.578087 0.340650 -0.030410 
000053
8
0.976676 -0.009008 -0.209054 0.048151 0.088771 -0.008663 0.417942 
5
0.987865 0.125272 -0.084063 0.036912 0.096287 0.138173 0.511945 
9
0.992138 0.048755 -0.104764 0.048050 0.186830 0.220385 0.271628 
4
0.960171 0.161455 -0.204842 -0.100222 0.579403 0.340075 -0.029992 
000054
8
0.976892 -0.008397 -0.208169 0.047714 0.091762 -0.006486 0.417781 
5
0.987874 0.125919 -0.083202 0.036427 0.099547 0.140223 0.511959 
9
0.992219 0.049409 -0.103882 0.047622 0.189692 0.222689 0.271579 
4
0.960225 0.161917 -0.203930 -0.100809 0.581776 0.342521 -0.030620 
000055
8
0.977280 -0.009291 -0.206309 0.047685 0.091107 -0.005705 0.418977 
5
0.988155 0.125024 -0.081367 0.036027 0.099314 0.141179 0.512846 
9
0.992469 0.048526 -0.102009 0.047382 0.188608 0.223142 0.271977 
4
0.960731 0.160765 -0.202285 -0.101154 0.579628 0.342202 -0.031902 
000056
8
0.977323 -0.010433 -0.206245 0.046833 0.090317 -0.006483 0.419416 
5
0.988311 0.124005 -0.081457 0.035043 0.098841 0.140560 0.513007 
9
0.992565 0.047481 -0.102006 0.046415 0.188305 0.221877 0.271982 
4
0.960775 0.159641 -0.202544 -0.101994 0.579573 0.339525 -0.032127 
000057
8
0.977403 -0.010977 -0.206192 0.045253 0.090817 -0.007868 0.419238 
5
0.988396 0.123666 -0.081630 0.033416 0.099834 0.139185 0.512768 
9
0.992654 0.047107 -0.102049 0.044786 0.189555 0.220104 0.271705 
4
0.960642 0.159102 -0.202804 -0.103552 0.581195 0.336326 -0.032474 
000058
8
0.977485 -0.010614 -0.205854 0.045097 0.090985 -0.008313 0.418657 
5
0.988382 0.124040 -0.081295 0.033257 0.100094 0.138669 0.512290 
9
0.992677 0.047484 -0.101711 0.044647 0.189654 0.219753 0.271222 
4
0.960648 0.159406 -0.202432 -0.103766 0.581094 0.336135 -0.033153 
000059
8
0.977606 -0.009625 -0.205298 0.045235 0.087956 -0.010326 0.418118 
5
0.988307 0.124990 -0.080678 0.033430 0.097085 0.136490 0.512008 
9
0.992680 0.048453 -0.101127 0.044849 0.186296 0.218073 0.270980 
4
0.960659 0.160286 -0.201695 -0.103735 0.577285 0.335268 -0.033663 
000060
8
0.977583 -0.008213 -0.205831 0.043564 0.083798 -0.010960 0.416123 
5
0.988092 0.126593 -0.081376 0.032026 0.093229 0.135502 0.510535 
9
0.992605 0.050031 -0.101744 0.043368 0.182889 0.217688 0.269878 
4
0.960142 0.161745 -0.202187 -0.105296 0.574483 0.334900 -0.033981 
000061
8
0.977441 -0.007053 -0.206381 0.044341 0.081763 -0.010860 0.414461 
5
0.987891 0.127644 -0.081784 0.033007 0.090802 0.135432 0.509175 
9
0.992458 0.051101 -0.102243 0.044293 0.180542 0.218279 0.268774 
4
0.959983 0.162959 -0.202408 -0.104446 0.572207 0.336886 -0.034450 
000062
8
0.977190 -0.006347 -0.207479 0.044843 0.080708 -0.010755 0.413520 
5
0.987699 0.128287 -0.082798 0.033742 0.089348 0.135429 0.508438 
9
0.992284 0.051748 -0.103319 0.044935 0.179502 0.218698 0.268339 
4
0.959726 0.163814 -0.203281 -0.103767 0.571672 0.338203 -0.033880 
000063
8
0.977233 -0.005845 -0.207149 0.045506 0.079503 -0.011103 0.412671 
5
0.987659 0.128695 -0.082360 0.034406 0.087993 0.135030 0.507682 
9
0.992270 0.052177 -0.102941 0.045623 0.177851 0.218596 0.267574 
4
0.959821 0.164253 -0.202780 -0.103177 0.569624 0.338891 -0.034844 
000064
8
0.977094 -0.005348 -0.207591 0.046524 0.077313 -0.009627 0.411332 
5
0.987547 0.129062 -0.082654 0.035531 0.085397 0.136468 0.506436 
9
0.992159 0.052563 -0.103325 0.046714 0.175276 0.220374 0.266455 
4
0.959798 0.164804 -0.202982 -0.102102 0.567043 0.341715 -0.035554 
000065
8
0.976878 -0.005704 -0.208614 0.046449 0.075753 -0.011046 0.410266 
5
0.987500 0.128731 -0.083709 0.035561 0.083674 0.135101 0.505304 
9
0.992070 0.052216 -0.104371 0.046669 0.174084 0.218846 0.265466 
4
0.959616 0.164612 -0.204051 -0.101996 0.566524 0.339911 -0.035780 
000066
8
0.976815 -0.004948 -0.208966 0.046267 0.075064 -0.009030 0.408637 
5
0.987371 0.129500 -0.084058 0.035522 0.082928 0.136966 0.503911 
9
0.991995 0.052986 -0.104729 0.046588 0.173496 0.221088 0.264265 
4
0.959418 0.165402 -0.204283 -0.102119 0.566134 0.342618 -0.036535 
000067
8
0.976918 -0.005332 -0.208448 0.046400 0.071793 -0.006995 0.406401 
5
0.987468 0.129101 -0.083534 0.035533 0.079742 0.139083 0.501542 
9
0.992069 0.052591 -0.104201 0.046648 0.170058 0.223008 0.261732 
4
0.959597 0.164949 -0.203830 -0.102076 0.562378 0.344315 -0.039572 
000068
8
0.976723 -0.005504 -0.209407 0.046158 0.070394 -0.008689 0.405167 
5
0.987403 0.128971 -0.084539 0.035412 0.078230 0.137399 0.500302 
9
0.991981 0.052444 -0.105190 0.046451 0.169063 0.221242 0.260659 
4
0.959381 0.164926 -0.204827 -0.102145 0.562039 0.342302 -0.039888 
000069
8
0.976743 -0.004387 -0.209245 0.046591 0.069879 -0.009264 0.402546 
5
0.987270 0.130015 -0.084275 0.035947 0.077565 0.136644 0.497968 
9
0.991921 0.053509 -0.104987 0.046985 0.168184 0.221082 0.258452 
4
0.959328 0.165991 -0.204409 -0.101756 0.560870 0.343254 -0.042023 
000070
8
0.976911 -0.003756 -0.208493 0.046487 0.069959 -0.009304 0.401263 
5
0.987257 0.130641 -0.083506 0.035812 0.077792 0.136490 0.496849 
9
0.991971 0.054147 -0.104222 0.046898 0.168025 0.221221 0.257291 
4
0.959392 0.166493 -0.203578 -0.101993 0.560226 0.343770 -0.043664 
000071
8
0.977061 -0.003501 -0.207786 0.046529 0.068231 -0.009843 0.399814 
5
0.987288 0.130880 -0.082778 0.035781 0.076180 0.135912 0.495449 
9
0.992032 0.054396 -0.103500 0.046920 0.166047 0.220758 0.255794 
4
0.959515 0.166634 -0.202840 -0.102077 0.557786 0.343498 -0.045685 
000072
8
0.977430 -0.000643 -0.206243 0.045768 0.067112 -0.009147 0.396338 
5
0.987054 0.133769 -0.081211 0.035148 0.075440 0.136052 0.492783 
9
0.992055 0.057316 -0.101942 0.046358 0.164515 0.222246 0.253314 
4
0.959360 0.169187 -0.200928 -0.103111 0.555262 0.346591 -0.048795 
000073
8
0.977654 -0.000450 -0.205171 0.045792 0.066752 -0.006377 0.395215 
5
0.987123 0.133946 -0.080120 0.035042 0.075277 0.138797 0.491680 
9
0.992157 0.057507 -0.100852 0.046333 0.163815 0.225066 0.252038 
4
0.959564 0.169214 -0.199847 -0.103275 0.553881 0.349533 -0.050898 
000074
8
0.977951 -0.001771 -0.203796 0.045562 0.066019 -0.007364 0.394184 
5
0.987422 0.132662 -0.078815 0.034462 0.074952 0.138053 0.490246 
9
0.992389 0.056221 -0.099486 0.045881 0.162932 0.223604 0.250142 
4
0.959999 0.167718 -0.198777 -0.103731 0.552308 0.346880 -0.054166 
000075
8
0.978233 -0.001902 -0.202326 0.046040 0.064808 -0.007046 0.392682 
5
0.987562 0.132458 -0.077277 0.034707 0.073903 0.138434 0.488632 
9
0.992533 0.056041 -0.097970 0.046248 0.161095 0.223920 0.248217 
4
0.960387 0.167367 -0.197306 -0.103514 0.549458 0.347348 -0.057322 
000076
8
0.978346 -0.001216 -0.201646 0.046662 0.062941 -0.006572 0.391546 
5
0.987523 0.133048 -0.076484 0.035304 0.071959 0.138823 0.487633 
9
0.992540 0.056657 -0.097236 0.046893 0.158677 0.224685 0.247181 
4
0.960519 0.167933 -0.196435 -0.103025 0.546415 0.349003 -0.058791 
000077
8
0.978308 -0.001452 -0.201737 0.047051 0.060186 -0.006433 0.390066 
5
0.987544 0.132769 -0.076535 0.035672 0.069086 0.139027 0.486066 
9
0.992531 0.056382 -0.097309 0.047261 0.155798 0.224800 0.245581 
4
0.960584 0.167716 -0.196514 -0.102625 0.543518 0.349191 -0.060384 
000078
8
0.978161 -0.000732 -0.202461 0.047002 0.058283 -0.008354 0.389206 
5
0.987386 0.133490 -0.077243 0.035812 0.067017 0.136964 0.485436 
9
0.992415 0.057101 -0.098038 0.047332 0.154049 0.223115 0.245201 
4
0.960330 0.168528 -0.197096 -0.102553 0.542174 0.348045 -0.060030 
000079
8
0.978132 0.000994 -0.202801 0.046141 0.056669 -0.008962 0.387337 
5
0.987131 0.135297 -0.077631 0.035217 0.065496 0.135984 0.484117 
9
0.992304 0.058905 -0.098411 0.046676 0.152737 0.222952 0.244253 
4
0.959911 0.170261 -0.197234 -0.103351 0.541143 0.348645 -0.060308 
000080
8
0.978310 0.001865 -0.202475 0.043697 0.057907 -0.009630 0.385928 
5
0.987057 0.136454 -0.077585 0.032866 0.067455 0.135018 0.483087 
9
0.992365 0.060027 -0.098208 0.044316 0.154892 0.222236 0.243385 
4
0.959530 0.171060 -0.197091 -0.105814 0.543611 0.347014 -0.061151 
000081
8
0.978637 0.002408 -0.200845 0.043885 0.056587 -0.007808 0.385780 
5
0.987119 0.136947 -0.075898 0.032883 0.066380 0.136763 0.483027 
9
0.992491 0.060547 -0.096539 0.044454 0.152960 0.224232 0.243106 
4
0.959818 0.171342 -0.195382 -0.105914 0.540581 0.349487 -0.062632 
000082
8
0.978806 0.001768 -0.199606 0.045754 0.055170 -0.008012 0.384875 
5
0.987297 0.136072 -0.074433 0.034470 0.064708 0.136797 0.481793 
9
0.992594 0.059716 -0.095185 0.046165 0.150409 0.224051 0.241478 
4
0.960413 0.170529 -0.194038 -0.104287 0.536861 0.349971 -0.065465 
000083
8
0.978914 0.002488 -0.198660 0.047490 0.053985 -0.009785 0.384049 
5
0.987262 0.136553 -0.073228 0.036131 0.063180 0.134998 0.481040 
9
0.992581 0.060249 -0.094118 0.047904 0.148089 0.222717 0.240614 
4
0.960739 0.171087 -0.192752 -0.102747 0.533474 0.350252 -0.067004 
000084
8
0.978793 0.004454 -0.199189 0.047630 0.054130 -0.010100 0.383379 
5
0.986945 0.138473 -0.073667 0.036576 0.063084 0.134318 0.480934 
9
0.992395 0.062185 -0.094624 0.048278 0.148115 0.223051 0.240923 
4
0.960376 0.173081 -0.192894 -0.102530 0.533638 0.352176 -0.065856 
000085
8
0.978808 0.006491 -0.198995 0.047885 0.053137 -0.010124 0.382692 
5
0.986672 0.140440 -0.073363 0.037041 0.061958 0.133928 0.480800 
9
0.992269 0.064180 -0.094390 0.048727 0.146733 0.223700 0.241085 
4
0.960162 0.175036 -0.192305 -0.102323 0.531909 0.354516 -0.065413 
000086
8
0.978769 0.007787 -0.198737 0.049535 0.052187 -0.008239 0.380918 
5
0.986492 0.141505 -0.072841 0.038782 0.060526 0.135662 0.479288 
9
0.992143 0.065293 -0.094020 0.050482 0.144821 0.226197 0.239691 
4
0.960246 0.176257 -0.191597 -0.100752 0.529321 0.359026 -0.066791 
000087
8
0.978786 0.007397 -0.198546 0.050026 0.050888 -0.007849 0.380208 
5
0.986558 0.141058 -0.072600 0.039192 0.059144 0.136155 0.478435 
9
0.992171 0.064854 -0.093803 0.050917 0.143286 0.226523 0.238720 
4
0.960405 0.175847 -0.191414 -0.100300 0.527576 0.359362 -0.068020 
000088
8
0.978932 0.006904 -0.197586 0.051033 0.052755 -0.009121 0.379527 
5
0.986693 0.140437 -0.071522 0.039989 0.060938 0.135042 0.477527 
9
0.992259 0.064259 -0.092780 0.051806 0.144471 0.225207 0.237523 
4
0.960801 0.175221 -0.190433 -0.099472 0.527950 0.358279 -0.070130 
000089
8
0.979301 0.007709 -0.195125 0.053265 0.052587 -0.007898 0.378462 
5
0.986742 0.140920 -0.068727 0.041932 0.060587 0.136259 0.476484 
9
0.992351 0.064823 -0.090151 0.053948 0.142491 0.226918 0.236105 
4
0.961468 0.175627 -0.187589 -0.097702 0.523794 0.361916 -0.073407 
000090
8
0.979722 0.008324 -0.192792 0.053910 0.052381 -0.008166 0.378003 
5
0.986823 0.141415 -0.066273 0.042308 0.060635 0.135935 0.476087 
9
0.992501 0.065365 -0.087745 0.054503 0.141251 0.226883 0.235382 
4
0.961925 0.175868 -0.185121 -0.097469 0.520865 0.362667 -0.075858 
000091
8
0.979994 0.009285 -0.190790 0.055903 0.051588 -0.006664 0.376783 
5
0.986800 0.142085 -0.063968 0.044100 0.059627 0.137384 0.474963 
9
0.992530 0.066108 -0.085596 0.056454 0.138867 0.228889 0.234013 
4
0.962430 0.176494 -0.182730 -0.095853 0.516617 0.366573 -0.078657 
000092
8
0.980055 0.008905 -0.190243 0.056757 0.051603 -0.004886 0.375964 
5
0.986880 0.141598 -0.063322 0.044818 0.059524 0.139285 0.473973 
9
0.992568 0.065641 -0.084999 0.057228 0.138373 0.230639 0.232837 
4
0.962698 0.176039 -0.182149 -0.095104 0.515588 0.368546 -0.080380 
000093
8
0.980331 0.007744 -0.188613 0.057579 0.050745 -0.006230 0.375582 
5
0.987148 0.140334 -0.061621 0.045259 0.058806 0.138222 0.473164 
9
0.992758 0.064401 -0.083315 0.057822 0.136787 0.228996 0.231527 
4
0.963283 0.174657 -0.180660 -0.094567 0.512851 0.366470 -0.083260 
000094
8
0.980896 0.008539 -0.185057 0.059360 0.050402 -0.009909 0.374583 
5
0.987244 0.140845 -0.057787 0.046602 0.058624 0.134529 0.472174 
9
0.992927 0.065001 -0.079608 0.059446 0.134508 0.225707 0.230023 
4
0.964068 0.174880 -0.176815 -0.093420 0.507757 0.364746 -0.087416 
000095
8
0.981323 0.012837 -0.181773 0.061645 0.049140 -0.009112 0.373449 
5
0.986784 0.144731 -0.054035 0.048896 0.057180 0.134669 0.472019 
9
0.992777 0.069021 -0.076111 0.061946 0.130791 0.228043 0.230002 
4
0.964331 0.178550 -0.172535 -0.091742 0.500930 0.371629 -0.089050 
000096
8
0.981205 0.014659 -0.181338 0.064337 0.046500 -0.003187 0.371588 
5
0.986474 0.146172 -0.053188 0.051703 0.053777 0.140389 0.470516 
9
0.992535 0.070541 -0.075504 0.064780 0.126593 0.234815 0.228667 
4
0.964456 0.180247 -0.171419 -0.089168 0.495558 0.381420 -0.090372 
000097
8
0.981178 0.011485 -0.181702 0.064358 0.044122 -0.000806 0.371279 
5
0.986920 0.143060 -0.053668 0.051400 0.051448 0.143372 0.469324 
9
0.992742 0.067392 -0.075906 0.064499 0.124643 0.236219 0.226979 
4
0.964862 0.177217 -0.172341 -0.089074 0.494133 0.380436 -0.092541 
000098
8
0.981365 0.008375 -0.181590 0.062272 0.041607 -0.002162 0.370690 
5
0.987430 0.140269 -0.053937 0.048960 0.049684 0.142499 0.467961 
9
0.993082 0.064527 -0.075941 0.062101 0.123378 0.233659 0.225127 
4
0.965091 0.174179 -0.173075 -0.091135 0.493635 0.374220 -0.095133 
000099
8
0.981393 0.007775 -0.181697 0.061588 0.038809 -0.005367 0.370834 
5
0.987525 0.139768 -0.054154 0.048230 0.047087 0.139370 0.467975 
9
0.993150 0.064005 -0.076093 0.061366 0.120987 0.230192 0.225077 
4
0.965077 0.173613 -0.173380 -0.091789 0.491548 0.369880 -0.095214 
000100
8
0.981234 0.010178 -0.182095 0.062600 0.035977 -0.003318 0.368738 
5
0.987130 0.142005 -0.054335 0.049568 0.043785 0.141014 0.466520 
9
0.992897 0.066282 -0.076413 0.062643 0.117558 0.233116 0.224065 
4
0.964775 0.176010 -0.173197 -0.090736 0.487892 0.375276 -0.095399 
000101
8
0.981151 0.009907 -0.182457 0.062882 0.033878 -0.002945 0.367680 
5
0.987139 0.141708 -0.054673 0.049865 0.041544 0.141448 0.465383 
9
0.992872 0.065983 -0.076767 0.062919 0.115464 0.233441 0.222932 
4
0.964779 0.175802 -0.173560 -0.090395 0.485982 0.375582 -0.096327 
000102
8
0.981188 0.010274 -0.182419 0.062350 0.032639 -0.004815 0.366400 
5
0.987101 0.142135 -0.054689 0.049379 0.040452 0.139481 0.464233 
9
0.992876 0.066404 -0.076754 0.062426 0.114421 0.231628 0.221855 
4
0.964671 0.176155 -0.173529 -0.090927 0.485023 0.373721 -0.097328 
000103
8
0.981368 0.012163 -0.180885 0.063629 0.030082 -0.005492 0.365388 
5
0.986891 0.143806 -0.052915 0.050646 0.037754 0.138530 0.463635 
9
0.992797 0.068141 -0.075111 0.063792 0.110629 0.231650 0.221298 
4
0.964830 0.177752 -0.171523 -0.089933 0.479722 0.375903 -0.098664 
000104
8
0.981103 0.013548 -0.181838 0.064725 0.025761 -0.003039 0.363458 
5
0.986598 0.145040 -0.053682 0.052026 0.032870 0.140762 0.462070 
9
0.992558 0.069399 -0.076000 0.065084 0.105937 0.234670 0.220095 
4
0.964574 0.179243 -0.172052 -0.088697 0.475223 0.380689 -0.098841 
000105
8
0.980831 0.012202 -0.183860 0.063388 0.024139 -0.004323 0.362501 
5
0.986699 0.143915 -0.055934 0.050835 0.031286 0.139642 0.460872 
9
0.992562 0.068207 -0.078134 0.063746 0.105662 0.232862 0.219030 
4
0.964238 0.178250 -0.174444 -0.089669 0.476742 0.377121 -0.098623 
000106
8
0.980923 0.012304 -0.183952 0.061646 0.023612 -0.005805 0.361190 
5
0.986720 0.144237 -0.056245 0.049143 0.031238 0.138051 0.459684 
9
0.992636 0.068493 -0.078323 0.062031 0.105953 0.231224 0.217928 
4
0.964001 0.178368 -0.174752 -0.091371 0.477550 0.374492 -0.099569 
000107
8
0.981094 0.013217 -0.182932 0.061770 0.021423 -0.007174 0.360120 
5
0.986650 0.145104 -0.055169 0.049230 0.029179 0.136527 0.458830 
9
0.992647 0.069385 -0.077273 0.062184 0.103314 0.230134 0.217063 
4
0.964073 0.179098 -0.173578 -0.091424 0.474136 0.374133 -0.101009 
000108
8
0.981083 0.015224 -0.182183 0.063673 0.020612 -0.009136 0.358788 
5
0.986353 0.146822 -0.054101 0.051236 0.027888 0.134287 0.457937 
9
0.992458 0.071173 -0.076390 0.064232 0.101199 0.228986 0.216345 
4
0.964136 0.180929 -0.172230 -0.089682 0.470839 0.375648 -0.101886 
000109
8
0.980833 0.017338 -0.182407 0.066291 0.019132 -0.008228 0.356966 
5
0.985949 0.148565 -0.053916 0.054099 0.025525 0.134915 0.456581 
9
0.992134 0.072991 -0.076451 0.067064 0.098352 0.230827 0.215321 
4
0.964075 0.183011 -0.171712 -0.087069 0.467221 0.380706 -0.102304 
000110
8
0.980587 0.017611 -0.182971 0.068270 0.019783 -0.007583 0.355745 
5
0.985813 0.148589 -0.054222 0.056163 0.025481 0.135594 0.455352 
9
0.991955 0.073052 -0.076912 0.069095 0.098221 0.231772 0.214172 
4
0.964151 0.183358 -0.171943 -0.085022 0.466879 0.383093 -0.103015 
000111
8
0.980946 0.017505 -0.180493 0.069727 0.019414 -0.011825 0.354895 
5
0.985943 0.148265 -0.051551 0.057234 0.025193 0.131478 0.454318 
9
0.992081 0.072789 -0.074326 0.070373 0.096469 0.227598 0.212677 
4
0.964792 0.182866 -0.169352 -0.084002 0.463127 0.379621 -0.106487 
000112
8
0.981147 0.020646 -0.178968 0.069963 0.019947 -0.012298 0.353029 
5
0.985547 0.151294 -0.049875 0.057624 0.025843 0.130429 0.453268 
9
0.991935 0.075877 -0.072739 0.070833 0.096118 0.228078 0.211948 
4
0.964615 0.185681 -0.167271 -0.084034 0.461411 0.382566 -0.107597 
000113
8
0.981391 0.022410 -0.176803 0.071482 0.018439 -0.012439 0.351527 
5
0.985352 0.152798 -0.047445 0.059023 0.024265 0.130048 0.452112 
9
0.991865 0.077462 -0.070450 0.072385 0.093090 0.228581 0.210733 
4
0.964900 0.187053 -0.164640 -0.082903 0.456365 0.385238 -0.110054 
000114
8
0.981471 0.023397 -0.176359 0.071171 0.018544 -0.013433 0.350500 
5
0.985232 0.153799 -0.047004 0.058771 0.024513 0.128853 0.451361 
9
0.991834 0.078474 -0.070009 0.072149 0.093108 0.227847 0.210105 
4
0.964790 0.187944 -0.164073 -0.083287 0.456085 0.385047 -0.110754 
000115
8
0.981642 0.024327 -0.175207 0.071341 0.018047 -0.013209 0.348823 
5
0.985146 0.154673 -0.045793 0.058887 0.024164 0.128920 0.449895 
9
0.991831 0.079377 -0.068826 0.072341 0.092101 0.228346 0.208631 
4
0.964869 0.188668 -0.162761 -0.083313 0.454183 0.386310 -0.112863 
000116
8
0.981803 0.025363 -0.173602 0.072679 0.017255 -0.012440 0.347329 
5
0.985026 0.155493 -0.043975 0.060101 0.023273 0.129574 0.448570 
9
0.991779 0.080259 -0.067122 0.073673 0.090112 0.229525 0.207216 
4
0.965136 0.189419 -0.160831 -0.082263 0.450651 0.389016 -0.115256 
000117
8
0.981897 0.025157 -0.172966 0.072991 0.017200 -0.012031 0.346525 
5
0.985083 0.155242 -0.043305 0.060294 0.023264 0.130048 0.447672 
9
0.991824 0.080021 -0.066464 0.073922 0.089749 0.229889 0.206175 
4
0.965315 0.189119 -0.160207 -0.082061 0.449800 0.389385 -0.116839 
000118
8
0.982080 0.024582 -0.171295 0.074651 0.016412 -0.011970 0.345224 
5
0.985207 0.154441 -0.041439 0.061625 0.022353 0.130325 0.446074 
9
0.991890 0.079271 -0.064691 0.075406 0.087759 0.229899 0.204172 
4
0.965880 0.188293 -0.158458 -0.080699 0.446284 0.389881 -0.120297 
000119
8
0.982275 0.024907 -0.169960 0.075021 0.014126 -0.012525 0.344033 
5
0.985212 0.154692 -0.040041 0.061840 0.020216 0.129744 0.444909 
9
0.991932 0.079553 -0.063319 0.075722 0.084877 0.229448 0.202861 
4
0.966101 0.188399 -0.157050 -0.080556 0.442378 0.389843 -0.122533 
000120
8
0.982228 0.025855 -0.170102 0.074997 0.013562 -0.013797 0.343322 
5
0.985054 0.155625 -0.040153 0.061950 0.019598 0.128283 0.444468 
9
0.991841 0.080494 -0.063455 0.075805 0.084268 0.228463 0.202619 
4
0.965922 0.189341 -0.157021 -0.080558 0.441774 0.389572 -0.122416 
000121
8
0.982275 0.026696 -0.169848 0.074667 0.013403 -0.015224 0.342065 
5
0.984943 0.156488 -0.039910 0.061688 0.019557 0.126679 0.443453 
9
0.991805 0.081363 -0.063208 0.075547 0.084103 0.227253 0.201734 
4
0.965795 0.190119 -0.156667 -0.080927 0.441452 0.388795 -0.123258 
000122
8
0.982345 0.028047 -0.168850 0.075512 0.012108 -0.014675 0.340136 
5
0.984744 0.157687 -0.038755 0.062541 0.018173 0.127017 0.441824 
9
0.991699 0.082610 -0.062142 0.076461 0.081984 0.228264 0.200191 
4
0.965838 0.191271 -0.155338 -0.080261 0.438286 0.391297 -0.125206 
000123
8
0.982233 0.029406 -0.169109 0.075867 0.011595 -0.015419 0.339445 
5
0.984495 0.158976 -0.038922 0.063090 0.017459 0.126015 0.441503 
9
0.991536 0.083919 -0.062372 0.076971 0.081239 0.227963 0.200157 
4
0.965608 0.192629 -0.155297 -0.079867 0.437469 0.392254 -0.124687 
000124
8
0.982045 0.030409 -0.169136 0.077816 0.010624 -0.013478 0.337361 
5
0.984254 0.159708 -0.038669 0.065134 0.015887 0.127844 0.439607 
9
0.991314 0.084705 -0.062286 0.079012 0.079257 0.230379 0.198402 
4
0.965639 0.193598 -0.154878 -0.077938 0.434820 0.396593 -0.126194 
000125
8
0.981998 0.029712 -0.169382 0.078141 0.010056 -0.015130 0.336854 
5
0.984343 0.158988 -0.038899 0.065407 0.015199 0.126341 0.438900 
9
0.991339 0.083980 -0.062524 0.079279 0.078680 0.228555 0.197588 
4
0.965745 0.192959 -0.155199 -0.077575 0.434380 0.394442 -0.127025 
000126
8
0.982017 0.030738 -0.169003 0.078328 0.008797 -0.015284 0.335393 
5
0.984186 0.159961 -0.038461 0.065660 0.013928 0.125998 0.437701 
9
0.991258 0.084975 -0.062122 0.079546 0.077117 0.228714 0.196525 
4
0.965660 0.193893 -0.154620 -0.077454 0.432403 0.395476 -0.128092 
000127
8
0.981829 0.032657 -0.169227 0.079426 0.008501 -0.014042 0.333744 
5
0.983810 0.161702 -0.038481 0.067004 0.013206 0.126900 0.436540 
9
0.990989 0.086759 -0.062273 0.080849 0.076169 0.230625 0.195737 
4
0.965412 0.195785 -0.154343 -0.076332 0.431069 0.399506 -0.128206 
000128
8
0.981893 0.031645 -0.169016 0.079490 0.009497 -0.012979 0.332499 
5
0.983987 0.160700 -0.038296 0.066916 0.014259 0.128172 0.435005 
9
0.991094 0.085749 -0.062065 0.080795 0.077180 0.231390 0.193973 
4
0.965624 0.194770 -0.154312 -0.076303 0.432028 0.399532 -0.130411 
000129
8
0.983178 0.029551 -0.162597 0.077777 0.009620 -0.015457 0.332207 
5
0.984710 0.158771 -0.032145 0.064070 0.016239 0.126145 0.433985 
9
0.991822 0.083849 -0.055691 0.078470 0.076458 0.228004 0.191689 
4
0.966893 0.191740 -0.148673 -0.079060 0.427761 0.393265 -0.137994 
000130
8
0.983335 0.031253 -0.160753 0.078958 0.009138 -0.017031 0.331936 
5
0.984462 0.160254 -0.030089 0.065176 0.015733 0.124319 0.434066 
9
0.991698 0.085404 -0.053751 0.079700 0.074712 0.227001 0.191811 
4
0.967038 0.193095 -0.146412 -0.078198 0.424244 0.394178 -0.138785 
000131
8
0.983146 0.033650 -0.160525 0.080768 0.007016 -0.016716 0.330657 
5
0.983996 0.162362 -0.029552 0.067216 0.013060 0.124241 0.433362 
9
0.991361 0.087584 -0.053405 0.081731 0.071429 0.228174 0.191494 
4
0.966856 0.195375 -0.145513 -0.076446 0.420008 0.398236 -0.138637 
000132
8
0.982892 0.034475 -0.161455 0.081658 0.007664 -0.016578 0.329462 
5
0.983778 0.163070 -0.030343 0.068323 0.013239 0.124236 0.432390 
9
0.991164 0.088308 -0.054289 0.082759 0.071844 0.228649 0.190786 
4
0.966650 0.196318 -0.146148 -0.075413 0.420688 0.399902 -0.138448 
000133
8
0.982860 0.034836 -0.161358 0.082079 0.008520 -0.017264 0.328492 
5
0.983703 0.163367 -0.030182 0.068768 0.013981 0.123498 0.431497 
9
0.991105 0.088620 -0.054166 0.083209 0.072436 0.228102 0.189939 
4
0.966647 0.196650 -0.145932 -0.075012 0.421047 0.399873 -0.139272 
000134
8
0.982965 0.035557 -0.160184 0.082800 0.007703 -0.019448 0.328071 
5
0.983599 0.163960 -0.028890 0.069399 0.013171 0.121222 0.431202 
9
0.991054 0.089255 -0.052937 0.083924 0.070864 0.226163 0.189607 
4
0.966789 0.197160 -0.144562 -0.074492 0.418386 0.398855 -0.140272 
000135
8
0.982960 0.037283 -0.158732 0.084873 0.006643 -0.021281 0.326825 
5
0.983269 0.165356 -0.027117 0.071445 0.011755 0.119157 0.430290 
9
0.990819 0.090739 -0.051347 0.086070 0.068226 0.224970 0.188786 
4
0.966931 0.198593 -0.142556 -0.072679 0.413937 0.400124 -0.141697 
000136
8
0.982741 0.040242 -0.158684 0.086137 0.005693 -0.023571 0.325015 
5
0.982697 0.168084 -0.026811 0.073039 0.010365 0.116320 0.429238 
9
0.990430 0.093533 -0.051209 0.087627 0.066362 0.223637 0.188289 
4
0.966545 0.201446 -0.141804 -0.071433 0.411318 0.401778 -0.141387 
000137
8
0.982485 0.045722 -0.156959 0.089426 0.002885 -0.026320 0.322405 
5
0.981629 0.172981 -0.024492 0.076696 0.006806 0.112616 0.427928 
9
0.989701 0.098600 -0.049255 0.091350 0.060933 0.222667 0.187786 
4
0.966154 0.206460 -0.138692 -0.068450 0.403055 0.406803 -0.141548 
000138
8
0.982006 0.047195 -0.158927 0.090437 0.001491 -0.025670 0.320469 
5
0.981231 0.174321 -0.026290 0.078148 0.004678 0.112960 0.426418 
9
0.989348 0.099953 -0.051178 0.092631 0.059468 0.223853 0.186814 
4
0.965657 0.208190 -0.140204 -0.067121 0.402418 0.409771 -0.140652 
000139
8
0.981826 0.047085 -0.160123 0.090336 0.002322 -0.030004 0.319967 
5
0.981206 0.174247 -0.027504 0.078204 0.005297 0.108620 0.425931 
9
0.989298 0.099858 -0.052390 0.092595 0.060699 0.219507 0.186465 
4
0.965472 0.208273 -0.141401 -0.067025 0.404498 0.405334 -0.140162 
000140
8
0.981798 0.049492 -0.159230 0.090934 0.003607 -0.030852 0.318454 
5
0.980771 0.176505 -0.026456 0.078956 0.006526 0.107313 0.425018 
9
0.989037 0.102174 -0.051441 0.093381 0.061194 0.219359 0.185923 
4
0.965231 0.210458 -0.140017 -0.066573 0.403918 0.407314 -0.140615 
000141
8
0.981788 0.051215 -0.157371 0.093295 0.002268 -0.029501 0.316550 
5
0.980400 0.177847 -0.024245 0.081230 0.004844 0.108434 0.423420 
9
0.988759 0.103620 -0.049430 0.095786 0.058017 0.221318 0.184382 
4
0.965423 0.211816 -0.137577 -0.064534 0.398507 0.411858 -0.142995 
000142
8
0.981717 0.051547 -0.156788 0.094829 0.001981 -0.030283 0.315591 
5
0.980276 0.177959 -0.023461 0.082701 0.004226 0.107652 0.422467 
9
0.988627 0.103781 -0.048761 0.097308 0.056794 0.220721 0.183383 
4
0.965588 0.212034 -0.136741 -0.063108 0.396338 0.412366 -0.144331 
000143
8
0.981658 0.052472 -0.155498 0.097032 0.001899 -0.032635 0.314641 
5
0.980025 0.178551 -0.021867 0.084804 0.003751 0.105215 0.421635 
9
0.988406 0.104455 -0.047340 0.099511 0.055191 0.218744 0.182523 
4
0.965809 0.212709 -0.135019 -0.061131 0.393011 0.412292 -0.145853 
000144
8
0.981522 0.055377 -0.154034 0.099106 0.002846 -0.032554 0.312441 
5
0.979407 0.181087 -0.020052 0.086994 0.004330 0.104791 0.420089 
9
0.987967 0.107100 -0.045737 0.101779 0.054421 0.219725 0.181362 
4
0.965665 0.215271 -0.132788 -0.059302 0.390190 0.416583 -0.147150 
000145
8
0.981518 0.056197 -0.153143 0.100062 0.004398 -0.031597 0.310990 
5
0.979223 0.181746 -0.019017 0.087910 0.005770 0.105629 0.418791 
9
0.987833 0.107806 -0.044785 0.102757 0.055174 0.220946 0.180106 
4
0.965727 0.215915 -0.131644 -0.058496 0.389911 0.418925 -0.148786 
000146
8
0.981758 0.056886 -0.149852 0.102275 0.003133 -0.033521 0.310328 
5
0.979063 0.182068 -0.015428 0.089714 0.004528 0.103712 0.418119 
9
0.987718 0.108239 -0.041348 0.104819 0.051835 0.219262 0.179122 
4
0.966286 0.216042 -0.128015 -0.056833 0.383482 0.418863 -0.151913 
000147
8
0.981570 0.058818 -0.148043 0.105565 0.004182 -0.031541 0.308552 
5
0.978531 0.183484 -0.013153 0.092940 0.004959 0.105435 0.416676 
9
0.987267 0.109787 -0.039346 0.108174 0.050580 0.221911 0.177801 
4
0.966444 0.217594 -0.125458 -0.053851 0.379596 0.424733 -0.153901 
000148
8
0.981688 0.057923 -0.146181 0.107541 0.004659 -0.033233 0.307730 
5
0.978624 0.182315 -0.011077 0.094521 0.005266 0.104042 0.415475 
9
0.987273 0.108682 -0.037375 0.109929 0.049663 0.220033 0.176133 
4
0.967046 0.216416 -0.123537 -0.052193 0.376819 0.423190 -0.157198 
000149
8
0.981893 0.060439 -0.140235 0.112104 0.004100 -0.035116 0.306229 
5
0.977960 0.184049 -0.004495 0.098493 0.004557 0.101916 0.414283 
9
0.986768 0.110654 -0.031139 0.114347 0.044937 0.218896 0.174712 
4
0.967762 0.217855 -0.116674 -0.048606 0.366036 0.426176 -0.161955 
000150
8
0.981650 0.062978 -0.138997 0.114352 0.005417 -0.034155 0.304107 
5
0.977319 0.186199 -0.002906 0.100845 0.005433 0.102433 0.412723 
9
0.986271 0.112915 -0.029767 0.116765 0.044549 0.220609 0.173529 
4
0.967593 0.220087 -0.114707 -0.046556 0.363640 0.430978 -0.163132 
000151
8
0.981702 0.063152 -0.136613 0.116660 0.006575 -0.033731 0.303229 
5
0.977153 0.186013 -0.000238 0.102811 0.006408 0.102950 0.411729 
9
0.986095 0.112826 -0.027250 0.118927 0.043885 0.221108 0.172265 
4
0.968050 0.219850 -0.112039 -0.044641 0.360448 0.432737 -0.165988 
000152
8
0.981747 0.064218 -0.134101 0.118601 0.006499 -0.034286 0.302548 
5
0.976832 0.186741 0.002540 0.104504 0.006266 0.102288 0.411181 
9
0.985840 0.113658 -0.024619 0.120808 0.042037 0.220840 0.171650 
4
0.968313 0.220455 -0.109138 -0.043104 0.355986 0.434188 -0.167956 
000153
8
0.981696 0.065836 -0.131591 0.120924 0.007582 -0.033411 0.301545 
5
0.976356 0.187954 0.005376 0.106642 0.007166 0.102947 0.410448 
9
0.985461 0.114993 -0.021971 0.123126 0.041105 0.222156 0.170976 
4
0.968478 0.221587 -0.106087 -0.041182 0.352211 0.437838 -0.169771 
000154
8
0.981605 0.066939 -0.129577 0.123206 0.008700 -0.032433 0.300550 
5
0.975969 0.188680 0.007696 0.108747 0.008020 0.103804 0.409604 
9
0.985125 0.115826 -0.019826 0.125381 0.040422 0.223441 0.170133 
4
0.968662 0.222303 -0.103616 -0.039222 0.349101 0.441063 -0.171586 
000155
8
0.981591 0.067100 -0.127404 0.125482 0.009882 -0.031083 0.299089 
5
0.975763 0.188483 0.010144 0.110712 0.008982 0.105238 0.408036 
9
0.984905 0.115725 -0.017529 0.127524 0.039852 0.224834 0.168342 
4
0.969049 0.222080 -0.101162 -0.037297 0.346115 0.443656 -0.174782 
000156
8
0.981630 0.067000 -0.124615 0.128005 0.009231 -0.029757 0.298880 
5
0.975583 0.187985 0.013227 0.112802 0.008167 0.106727 0.407622 
9
0.984695 0.115338 -0.014601 0.129847 0.037176 0.226111 0.167590 
4
0.969571 0.221503 -0.098120 -0.035223 0.340515 0.446016 -0.177434 
000157
8
0.981507 0.066757 -0.123817 0.129835 0.010638 -0.028377 0.297834 
5
0.975471 0.187483 0.014234 0.114469 0.009206 0.108224 0.406424 
9
0.984528 0.114891 -0.013712 0.131590 0.037482 0.227444 0.166223 
4
0.969818 0.221117 -0.097137 -0.033525 0.339589 0.448072 -0.179421 
000158
8
0.981453 0.066665 -0.121198 0.132727 0.010929 -0.025913 0.297262 
5
0.975233 0.186943 0.017189 0.116950 0.009187 0.110850 0.405644 
9
0.984247 0.114469 -0.010941 0.134292 0.035612 0.229856 0.165128 
4
0.970314 0.220567 -0.094210 -0.031052 0.334753 0.451750 -0.182281 
000159
8
0.981495 0.065632 -0.119076 0.134838 0.010972 -0.025072 0.297205 
5
0.975244 0.185603 0.019525 0.118615 0.009050 0.112019 0.405169 
9
0.984160 0.113206 -0.008712 0.136150 0.034110 0.230385 0.164191 
4
0.970887 0.219199 -0.092042 -0.029285 0.331065 0.452437 -0.184987 
000160
8
0.981629 0.064813 -0.117699 0.135465 0.010338 -0.023777 0.296783 
5
0.975348 0.184689 0.020948 0.118944 0.008517 0.113543 0.404458 
9
0.984211 0.112320 -0.007303 0.136603 0.032850 0.231421 0.163165 
4
0.971250 0.218176 -0.090764 -0.028879 0.328693 0.453072 -0.187209 
000161
8
0.981628 0.064767 -0.115193 0.137628 0.009928 -0.023920 0.296614 
5
0.975141 0.184292 0.023701 0.120727 0.007978 0.113529 0.404121 
9
0.983982 0.112023 -0.004683 0.138591 0.030657 0.231205 0.162569 
4
0.971660 0.217694 -0.088038 -0.027111 0.323862 0.453751 -0.189451 
000162
8
0.981545 0.065370 -0.115001 0.138095 0.010385 -0.022308 0.296013 
5
0.974973 0.184811 0.023966 0.121234 0.008333 0.115028 0.403663 
9
0.983849 0.112566 -0.004465 0.139106 0.030771 0.232979 0.162223 
4
0.971583 0.218238 -0.087678 -0.026671 0.323567 0.456212 -0.189704 
000163
8
0.981624 0.065758 -0.113213 0.138828 0.008923 -0.023119 0.295679 
5
0.974815 0.185047 0.025848 0.121757 0.007014 0.114204 0.403348 
9
0.983729 0.112860 -0.002631 0.139762 0.028391 0.232214 0.161841 
4
0.971750 0.218310 -0.085767 -0.026215 0.319550 0.455987 -0.191099 
000164
8
0.981375 0.067540 -0.111904 0.140777 0.007142 -0.024221 0.294228 
5
0.974251 0.186485 0.027436 0.123716 0.004916 0.112798 0.402277 
9
0.983262 0.114399 -0.001216 0.141802 0.025100 0.231560 0.161035 
4
0.971624 0.219790 -0.083906 -0.024460 0.314282 0.457593 -0.192090 
000165
8
0.981070 0.069026 -0.112581 0.141643 0.007424 -0.019916 0.291658 
5
0.973863 0.187829 0.026909 0.124846 0.004802 0.116778 0.400109 
9
0.982947 0.115775 -0.001848 0.142859 0.025008 0.236293 0.159241 
4
0.971277 0.221323 -0.084179 -0.023479 0.314117 0.463954 -0.192897 
000166
8
0.981238 0.068160 -0.110457 0.142570 0.006512 -0.019157 0.291161 
5
0.973930 0.186809 0.029108 0.125361 0.004049 0.117807 0.399275 
9
0.982960 0.114805 0.000324 0.143557 0.023109 0.236747 0.158030 
4
0.971737 0.220126 -0.082141 -0.022889 0.310440 0.464053 -0.195789 
000167
8
0.981218 0.067569 -0.108635 0.144376 0.005754 -0.018117 0.290505 
5
0.973845 0.185942 0.031117 0.126823 0.003129 0.119061 0.398343 
9
0.982812 0.114011 0.002235 0.145179 0.020991 0.237569 0.156793 
4
0.972134 0.219232 -0.080228 -0.021368 0.306369 0.465189 -0.198401 
000168
8
0.980977 0.067974 -0.108048 0.146248 0.005525 -0.017327 0.289866 
5
0.973557 0.186064 0.031934 0.128640 0.002468 0.119813 0.397741 
9
0.982511 0.114199 0.002913 0.147045 0.019634 0.238450 0.156204 
4
0.972185 0.219499 -0.079328 -0.019584 0.303778 0.467272 -0.199207 
000169
8
0.980558 0.069068 -0.109404 0.147534 0.006561 -0.011364 0.287578 
5
0.973206 0.186983 0.030768 0.130233 0.002853 0.125516 0.395762 
9
0.982181 0.115144 0.001617 0.148522 0.020327 0.244760 0.154547 
4
0.971851 0.220760 -0.080275 -0.018078 0.304775 0.475173 -0.199591 
000170
8
0.980829 0.066511 -0.106765 0.148833 0.004825 -0.009943 0.287352 
5
0.973556 0.184251 0.033471 0.130841 0.001268 0.127588 0.394713 
9
0.982354 0.112458 0.004314 0.149384 0.017434 0.245393 0.152701 
4
0.972712 0.217840 -0.077989 -0.017203 0.299831 0.474276 -0.204061 
000171
8
0.980982 0.065425 -0.105423 0.149265 0.003917 -0.008937 0.286704 
5
0.973711 0.183101 0.034824 0.130951 0.000502 0.128875 0.393709 
9
0.982440 0.111329 0.005675 0.149618 0.016027 0.246052 0.151350 
4
0.973093 0.216564 -0.076819 -0.016984 0.297436 0.474202 -0.206659 
000172
8
0.981068 0.063999 -0.104753 0.149790 0.002504 -0.010206 0.286571 
5
0.973929 0.181624 0.035510 0.131205 -0.000931 0.127937 0.393148 
9
0.982551 0.109857 0.006364 0.149951 0.014298 0.244369 0.150412 
4
0.973469 0.215069 -0.076352 -0.016571 0.295227 0.471624 -0.208543 
000173
8
0.981173 0.065048 -0.103612 0.149442 0.001309 -0.009551 0.285675 
5
0.973743 0.182666 0.036637 0.130828 -0.001798 0.128403 0.392506 
9
0.982470 0.110926 0.007499 0.149641 0.012836 0.245261 0.149938 
4
0.973374 0.215897 -0.075100 -0.017090 0.292904 0.473055 -0.209348 
000174
8
0.981016 0.066401 -0.102720 0.150487 0.000993 -0.005592 0.283177 
5
0.973341 0.183818 0.037688 0.131901 -0.002245 0.132120 0.390316 
9
0.982152 0.112143 0.008449 0.150764 0.011615 0.249545 0.147977 
4
0.973231 0.217041 -0.073845 -0.016173 0.290399 0.478824 -0.211363 
000175
8
0.981153 0.065441 -0.101409 0.150907 -0.000142 -0.004746 0.282083 
5
0.973466 0.182792 0.039013 0.132019 -0.003244 0.133218 0.388902 
9
0.982218 0.111139 0.009779 0.151000 0.009980 0.250075 0.146252 
4
0.973578 0.215891 -0.072684 -0.015960 0.287779 0.478708 -0.214261 
000176
8
0.981024 0.064977 -0.099932 0.152918 -0.000339 -0.004060 0.280690 
5
0.973305 0.182025 0.040703 0.133747 -0.003741 0.134077 0.387275 
9
0.981991 0.110447 0.011350 0.152860 0.008407 0.250562 0.144390 
4
0.973885 0.215169 -0.071054 -0.014174 0.284378 0.479696 -0.217206 
000177
8
0.981172 0.065025 -0.098122 0.153119 0.001284 -0.003690 0.280289 
5
0.973238 0.181998 0.042529 0.133700 -0.001819 0.134501 0.386814 
9
0.981952 0.110462 0.013175 0.152951 0.009392 0.250866 0.143827 
4
0.974071 0.214911 -0.069256 -0.014251 0.283936 0.479975 -0.218871 
000178
8
0.981353 0.065950 -0.094654 0.153747 -0.001059 -0.004222 0.279866 
5
0.972906 0.182724 0.046080 0.133952 -0.003663 0.133898 0.386495 
9
0.981728 0.111285 0.016686 0.153454 0.005627 0.250430 0.143506 
4
0.974256 0.215218 -0.065627 -0.014147 0.277195 0.480253 -0.220976 
000179
8
0.981372 0.067295 -0.093473 0.153764 -0.002221 -0.005049 0.278966 
5
0.972604 0.184002 0.047297 0.133968 -0.004593 0.132828 0.385915 
9
0.981543 0.112606 0.017878 0.153536 0.003982 0.249915 0.143168 
4
0.974103 0.216319 -0.064233 -0.014302 0.274452 0.480685 -0.221532 
000180
8
0.981093 0.069106 -0.093189 0.154907 -0.005032 -0.005652 0.277071 
5
0.972096 0.185599 0.047767 0.135277 -0.007679 0.131865 0.384475 
9
0.981140 0.114266 0.018224 0.154841 0.000357 0.249773 0.142107 
4
0.973793 0.218002 -0.063473 -0.013188 0.269869 0.482473 -0.222075 
000181
8
0.980971 0.069957 -0.093532 0.155094 -0.005654 -0.008352 0.276376 
5
0.971909 0.186410 0.047473 0.135613 -0.008421 0.128975 0.384021 
9
0.981003 0.115089 0.017892 0.155137 -0.000335 0.247314 0.141864 
4
0.973590 0.218877 -0.063629 -0.012942 0.269223 0.480793 -0.221784 
000182
8
0.980834 0.072273 -0.093732 0.154776 -0.006926 -0.011230 0.275374 
5
0.971473 0.188713 0.047306 0.135606 -0.009632 0.125592 0.383662 
9
0.980741 0.117414 0.017687 0.155072 -0.001608 0.245062 0.142059 
4
0.973084 0.221148 -0.063450 -0.013215 0.267867 0.480194 -0.220585 
000183
8
0.980520 0.075002 -0.094092 0.155248 -0.006034 -0.011209 0.271335 
5
0.970857 0.191312 0.047085 0.136452 -0.008941 0.125020 0.380363 
9
0.980304 0.120060 0.017360 0.155846 -0.001098 0.245809 0.139411 
4
0.972491 0.223833 -0.063244 -0.012667 0.268022 0.483304 -0.221955 
000184
8
0.980139 0.076972 -0.093780 0.156872 -0.005259 -0.005188 0.267496 
5
0.970242 0.192993 0.047641 0.138254 -0.008573 0.130644 0.377006 
9
0.979792 0.121822 0.017754 0.157645 -0.001399 0.252309 0.136474 
4
0.972146 0.225654 -0.062364 -0.011070 0.266505 0.492073 -0.224296 
000185
8
0.980434 0.074681 -0.091787 0.157311 -0.004885 -0.004728 0.267588 
5
0.970623 0.190652 0.049607 0.138135 -0.007940 0.131675 0.376393 
9
0.980028 0.119497 0.019763 0.157720 -0.001610 0.252081 0.135205 
4
0.972836 0.223107 -0.060776 -0.010952 0.264991 0.490119 -0.227667 
000186
8
0.980728 0.073066 -0.087891 0.158456 -0.004954 -0.008466 0.268205 
5
0.970715 0.188819 0.053563 0.138532 -0.007581 0.128434 0.376396 
9
0.980034 0.117748 0.023712 0.158448 -0.003237 0.247731 0.134613 
4
0.973571 0.220880 -0.057117 -0.010408 0.260229 0.484722 -0.231221 
000187
8
0.980475 0.076990 -0.081688 0.161458 -0.004310 -0.007566 0.265876 
5
0.969319 0.192050 0.060187 0.141120 -0.006567 0.128747 0.374814 
9
0.978942 0.121247 0.030076 0.161451 -0.006252 0.249327 0.133631 
4
0.973371 0.223573 -0.049960 -0.008302 0.250664 0.490210 -0.234316 
000188
8
0.980131 0.077744 -0.080691 0.163669 -0.004291 -0.002586 0.264123 
5
0.968847 0.192445 0.061454 0.143262 -0.006995 0.133623 0.373181 
9
0.978479 0.121736 0.031175 0.163666 -0.007685 0.254406 0.132100 
4
0.973337 0.224096 -0.048551 -0.006225 0.247426 0.496811 -0.236102 
000189
8
0.980490 0.075198 -0.078672 0.163693 -0.004055 -0.004067 0.264867 
5
0.969306 0.189911 0.063386 0.142698 -0.006391 0.132763 0.373154 
9
0.978786 0.119205 0.033187 0.163300 -0.007827 0.252168 0.131390 
4
0.974048 0.221301 -0.047041 -0.006525 0.246151 0.492420 -0.238999 
000190
8
0.980424 0.074730 -0.075290 0.165876 -0.004683 -0.006187 0.265157 
5
0.968989 0.189053 0.066980 0.144335 -0.007004 0.130886 0.373135 
9
0.978430 0.118471 0.036667 0.165213 -0.010490 0.249709 0.131105 
4
0.974461 0.220241 -0.043533 -0.004841 0.240068 0.490280 -0.241401 
000191
8
0.980302 0.076767 -0.072948 0.166711 -0.006618 -0.004683 0.264603 
5
0.968350 0.190851 0.069459 0.145085 -0.008704 0.132049 0.373018 
9
0.977954 0.120373 0.039056 0.166108 -0.013708 0.251614 0.131381 
4
0.974231 0.221794 -0.040771 -0.004336 0.234376 0.493927 -0.241652 
000192
8
0.979723 0.077698 -0.072191 0.169982 -0.009993 -0.004180 0.262796 
5
0.967691 0.191273 0.070612 0.148330 -0.012886 0.132407 0.371376 
9
0.977283 0.120918 0.039961 0.169410 -0.019002 0.252219 0.129887 
4
0.974133 0.222507 -0.039419 -0.001154 0.226962 0.496668 -0.243156 
000193
8
0.979418 0.077556 -0.073919 0.171057 -0.011310 -0.001315 0.260911 
5
0.967656 0.191031 0.069017 0.149616 -0.014861 0.135244 0.369506 
9
0.977179 0.120669 0.038278 0.170573 -0.020327 0.255094 0.128020 
4
0.974038 0.222644 -0.040981 0.000184 0.226525 0.500091 -0.244075 
000194
8
0.979530 0.075512 -0.075166 0.170789 -0.007394 -0.003297 0.261167 
5
0.968179 0.189117 0.067689 0.149274 -0.011134 0.133651 0.369265 
9
0.977540 0.118689 0.037010 0.170173 -0.015728 0.252647 0.127340 
4
0.974368 0.220890 -0.042601 0.000084 0.232530 0.496059 -0.244861 
000195
8
0.979642 0.076862 -0.073221 0.170391 -0.006740 -0.004225 0.261044 
5
0.967861 0.190431 0.069612 0.148776 -0.009965 0.132504 0.369434 
9
0.977364 0.120054 0.038944 0.169795 -0.015572 0.251991 0.127772 
4
0.974234 0.221869 -0.040518 -0.000595 0.231145 0.496078 -0.245011 
000196
8
0.979636 0.078046 -0.070927 0.170854 -0.010057 -0.000586 0.259192 
5
0.967443 0.191451 0.071975 0.149062 -0.012955 0.135980 0.367798 
9
0.977056 0.121153 0.041264 0.170235 -0.019900 0.255813 0.126342 
4
0.974166 0.222612 -0.038007 -0.000461 0.224665 0.500801 -0.247267 
000197
8
0.979729 0.076624 -0.070593 0.171103 -0.010886 -0.002185 0.259074 
5
0.967696 0.190024 0.072293 0.149090 -0.013810 0.134699 0.367277 
9
0.977205 0.119719 0.041603 0.170315 -0.020827 0.253818 0.125470 
4
0.974496 0.221182 -0.037903 -0.000272 0.223609 0.497778 -0.248895 
000198
8
0.979696 0.077483 -0.069657 0.171292 -0.011967 -0.001925 0.258807 
5
0.967444 0.190806 0.073268 0.149252 -0.014752 0.134812 0.367200 
9
0.977025 0.120538 0.042551 0.170533 -0.022352 0.254251 0.125568 
4
0.974386 0.221847 -0.036811 -0.000214 0.221142 0.498870 -0.248981 
000199
8
0.979777 0.077506 -0.068099 0.171440 -0.011300 -0.004602 0.259058 
5
0.967344 0.190762 0.074830 0.149187 -0.013824 0.132191 0.367387 
9
0.976947 0.120532 0.044116 0.170586 -0.022221 0.251499 0.125717 
4
0.974499 0.221601 -0.035270 -0.000296 0.220006 0.496045 -0.249699 
000200
8
0.979228 0.080345 -0.063647 0.174946 -0.013711 -0.003896 0.256257 
5
0.966030 0.192894 0.079724 0.152389 -0.016361 0.132480 0.365107 
9
0.975814 0.122905 0.048730 0.174089 -0.027923 0.252586 0.123964 
4
0.974237 0.223514 -0.029943 0.002597 0.208886 0.500452 -0.252730 
000201
8
0.978824 0.080505 -0.059211 0.178651 -0.012629 -0.003989 0.254108 
5
0.965230 0.192388 0.084544 0.155467 -0.015508 0.132543 0.362756 
9
0.974994 0.122607 0.053322 0.177516 -0.029998 0.252147 0.121521 
4
0.974515 0.222841 -0.025087 0.005678 0.201732 0.501295 -0.257479 
000202
8
0.978715 0.080836 -0.056971 0.179827 -0.011601 -0.003595 0.253546 
5
0.964859 0.192474 0.086903 0.156364 -0.014386 0.132959 0.362169 
9
0.974649 0.122781 0.055610 0.178580 -0.030241 0.252455 0.120966 
4
0.974589 0.222753 -0.022686 0.006538 0.199173 0.502132 -0.259093 
000203
8
0.978183 0.081629 -0.052825 0.183585 -0.013833 -0.004729 0.253426 
5
0.963884 0.192578 0.091455 0.159614 -0.016913 0.131832 0.362033 
9
0.973694 0.123102 0.059914 0.182144 -0.035625 0.251116 0.120931 
4
0.974665 0.222732 -0.017991 0.009729 0.188760 0.502571 -0.260954 
000204
8
0.977634 0.083534 -0.051525 0.186006 -0.014666 -0.003105 0.252506 
5
0.963027 0.194042 0.093067 0.162064 -0.018173 0.133102 0.361543 
9
0.972928 0.124697 0.061319 0.184668 -0.038197 0.253026 0.120864 
4
0.974315 0.224296 -0.016051 0.011997 0.183772 0.506853 -0.260864 
000205
8
0.977418 0.083040 -0.050169 0.187725 -0.014921 -0.004269 0.251861 
5
0.962788 0.193271 0.094587 0.163521 -0.018685 0.132101 0.360687 
9
0.972626 0.124000 0.062743 0.186244 -0.039661 0.251562 0.119858 
4
0.974489 0.223552 -0.014584 0.013531 0.180564 0.505572 -0.262756 
000206
8
0.977397 0.084061 -0.049194 0.187641 -0.013821 -0.003915 0.251762 
5
0.962510 0.194245 0.095572 0.163428 -0.017350 0.132276 0.360820 
9
0.972441 0.125010 0.063717 0.186205 -0.038893 0.252130 0.120237 
4
0.974321 0.224368 -0.013461 0.013314 0.180424 0.506792 -0.262466 
000207
8
0.977181 0.084474 -0.046640 0.189227 -0.015979 -0.002902 0.250187 
5
0.962002 0.194337 0.098286 0.164700 -0.019475 0.133305 0.359225 
9
0.971958 0.125214 0.066332 0.187667 -0.042625 0.253013 0.118718 
4
0.974355 0.224292 -0.010683 0.014550 0.173899 0.508368 -0.265112 
000208
8
0.977175 0.084701 -0.045643 0.189400 -0.018025 -0.003856 0.250923 
5
0.961854 0.194500 0.099298 0.164762 -0.021375 0.132343 0.359974 
9
0.971838 0.125409 0.067335 0.187801 -0.045070 0.252051 0.119521 
4
0.974355 0.224334 -0.009647 0.014583 0.170548 0.507540 -0.264730 
000209
8
0.976664 0.085926 -0.045274 0.191558 -0.018361 -0.004383 0.249955 
5
0.961226 0.195366 0.099939 0.166998 -0.022250 0.131566 0.359301 
9
0.971244 0.126368 0.067797 0.190052 -0.046681 0.251678 0.119123 
4
0.974082 0.225406 -0.008772 0.016720 0.167465 0.508975 -0.264744 
000210
8
0.976260 0.086863 -0.044571 0.193351 -0.019268 -0.003616 0.248848 
5
0.960689 0.195994 0.100860 0.168793 -0.023530 0.132156 0.358399 
9
0.970735 0.127082 0.068575 0.191890 -0.048758 0.252525 0.118432 
4
0.973888 0.226149 -0.007673 0.018438 0.163858 0.511211 -0.265352 
000211
8
0.975999 0.084937 -0.044360 0.195563 -0.022370 -0.003147 0.247038 
5
0.960752 0.193796 0.101261 0.170720 -0.027296 0.133042 0.356042 
9
0.970599 0.124925 0.068870 0.193878 -0.052859 0.252343 0.115578 
4
0.974293 0.224213 -0.007512 0.020623 0.158935 0.510403 -0.269081 
000212
8
0.975996 0.085909 -0.044177 0.195189 -0.024184 -0.004013 0.247304 
5
0.960583 0.194789 0.101428 0.170444 -0.028939 0.131976 0.356565 
9
0.970514 0.125926 0.069041 0.193596 -0.054622 0.251740 0.116344 
4
0.974093 0.225124 -0.007210 0.020229 0.157022 0.510385 -0.268005 
000213
8
0.975985 0.087003 -0.045267 0.194513 -0.027189 -0.002926 0.245323 
5
0.960526 0.195984 0.100305 0.170055 -0.031926 0.132783 0.354933 
9
0.970538 0.127093 0.067929 0.193103 -0.057060 0.253211 0.114986 
4
0.973805 0.226380 -0.008167 0.019713 0.155557 0.512565 -0.268347 
000214
8
0.975921 0.086309 -0.047180 0.194686 -0.028200 -0.000824 0.245067 
5
0.960790 0.195347 0.098414 0.170404 -0.033375 0.134953 0.354574 
9
0.970715 0.126406 0.066025 0.193323 -0.057535 0.255235 0.114453 
4
0.973857 0.226040 -0.010132 0.020157 0.156638 0.514346 -0.268177 
000215
8
0.975996 0.084887 -0.047252 0.194920 -0.029985 -0.000655 0.244671 
5
0.961072 0.193933 0.098329 0.170473 -0.035278 0.135424 0.353796 
9
0.970887 0.124975 0.065959 0.193413 -0.059297 0.255031 0.113324 
4
0.974164 0.224679 -0.010426 0.020389 0.155083 0.513136 -0.269870 
000216
8
0.976222 0.085091 -0.047465 0.193642 -0.030860 -0.000632 0.244783 
5
0.961243 0.194324 0.097982 0.169261 -0.035810 0.135399 0.353984 
9
0.971106 0.125325 0.065695 0.192176 -0.059494 0.255203 0.113577 
4
0.974126 0.224939 -0.010771 0.019132 0.155592 0.512966 -0.269451 
000217
8
0.976233 0.084663 -0.048015 0.193637 -0.030878 -0.000155 0.244527 
5
0.961377 0.193927 0.097425 0.169279 -0.035943 0.135945 0.353637 
9
0.971199 0.124908 0.065144 0.192161 -0.059312 0.255603 0.113126 
4
0.974190 0.224622 -0.011385 0.019202 0.156287 0.513096 -0.269796 
000218
8
0.975851 0.084281 -0.048028 0.195717 -0.033787 0.000903 0.244067 
5
0.961134 0.193254 0.097633 0.171296 -0.039482 0.137076 0.353055 
9
0.970870 0.124292 0.065215 0.194192 -0.063213 0.256425 0.112426 
4
0.974243 0.224213 -0.011182 0.021302 0.151526 0.514479 -0.270600 
000219
8
0.975756 0.082864 -0.048873 0.196584 -0.034455 0.001565 0.243265 
5
0.961365 0.191779 0.096853 0.172099 -0.040604 0.138001 0.351897 
9
0.970959 0.122801 0.064403 0.194961 -0.063941 0.256713 0.110916 
4
0.974493 0.222977 -0.012142 0.022287 0.151329 0.514121 -0.272248 
000220
8
0.975562 0.081992 -0.047141 0.198328 -0.036626 -0.000434 0.243171 
5
0.961154 0.190623 0.098736 0.173483 -0.042981 0.136253 0.351476 
9
0.970664 0.121725 0.066200 0.196498 -0.067411 0.254269 0.110261 
4
0.974747 0.221801 -0.010373 0.023791 0.145863 0.511498 -0.274137 
000221
8
0.975472 0.083052 -0.046860 0.198395 -0.036459 0.000276 0.243633 
5
0.960893 0.191634 0.099051 0.173640 -0.042754 0.136748 0.352212 
9
0.970482 0.122761 0.066486 0.196657 -0.067450 0.255230 0.111253 
4
0.974529 0.222771 -0.009900 0.023828 0.145379 0.513281 -0.272841 
000222
8
0.975090 0.082557 -0.045744 0.200727 -0.037652 0.000688 0.243184 
5
0.960542 0.190778 0.100398 0.175738 -0.044439 0.137298 0.351560 
9
0.970047 0.121994 0.067693 0.198857 -0.070083 0.255282 0.110456 
4
0.974650 0.222051 -0.008583 0.026020 0.140898 0.513757 -0.274372 
000223
8
0.974602 0.082301 -0.044177 0.203535 -0.038754 -0.000885 0.243334 
5
0.960019 0.190068 0.102251 0.178276 -0.046083 0.135825 0.351549 
9
0.969451 0.121404 0.069369 0.201529 -0.073012 0.253338 0.110355 
4
0.974723 0.221471 -0.006718 0.028634 0.135497 0.512550 -0.275323 
000224
8
0.974345 0.082850 -0.043865 0.204604 -0.038630 0.000252 0.243143 
5
0.959697 0.190435 0.102692 0.179359 -0.046204 0.136848 0.351485 
9
0.969144 0.121820 0.069724 0.202630 -0.073555 0.254514 0.110413 
4
0.974593 0.221922 -0.006169 0.029675 0.134117 0.514545 -0.275166 
000225
8
0.973989 0.082429 -0.041198 0.207012 -0.041261 -0.002510 0.242745 
5
0.959182 0.189586 0.105580 0.181330 -0.049055 0.134269 0.350840 
9
0.968572 0.121101 0.072478 0.204818 -0.078128 0.251290 0.109655 
4
0.974752 0.220999 -0.003319 0.031727 0.126405 0.511604 -0.277408 
000226
8
0.973657 0.085417 -0.040918 0.207418 -0.041639 -0.002642 0.243917 
5
0.958434 0.192420 0.105986 0.182057 -0.049415 0.133507 0.352806 
9
0.968034 0.124003 0.072784 0.205513 -0.079039 0.251871 0.112345 
4
0.974098 0.223818 -0.002451 0.032125 0.124521 0.514647 -0.273564 
000227
8
0.973445 0.085820 -0.041788 0.208069 -0.042840 -0.001136 0.243382 
5
0.958300 0.192744 0.105209 0.182870 -0.050966 0.134880 0.352412 
9
0.967896 0.124334 0.071943 0.206257 -0.080339 0.253478 0.112036 
4
0.973949 0.224342 -0.003137 0.032913 0.123534 0.516942 -0.273240 
000228
8
0.973505 0.084265 -0.041435 0.208494 -0.043885 -0.001326 0.242892 
5
0.958544 0.191160 0.105560 0.183055 -0.052114 0.135034 0.351483 
9
0.968021 0.122746 0.072307 0.206498 -0.081567 0.252836 0.110725 
4
0.974297 0.222774 -0.003016 0.033279 0.122124 0.515208 -0.275391 
000229
8
0.973969 0.083969 -0.040481 0.206626 -0.045414 -0.001777 0.243658 
5
0.958855 0.191116 0.106290 0.181037 -0.052912 0.134710 0.352143 
9
0.968379 0.122660 0.073183 0.204548 -0.082432 0.252405 0.111341 
4
0.974459 0.222366 -0.002395 0.031247 0.121419 0.513677 -0.275435 
000230
8
0.974161 0.083598 -0.039290 0.206103 -0.046558 -0.002715 0.243585 
5
0.958933 0.190793 0.107398 0.180310 -0.053683 0.133909 0.351922 
9
0.968464 0.122343 0.074348 0.203915 -0.083641 0.251341 0.111046 
4
0.974610 0.221813 -0.001373 0.030544 0.119573 0.511958 -0.276507 
000231
8
0.974124 0.084477 -0.038430 0.206081 -0.047136 -0.004092 0.243578 
5
0.958675 0.191622 0.108271 0.180279 -0.054065 0.132383 0.352116 
9
0.968285 0.123206 0.075208 0.203931 -0.084536 0.250139 0.111462 
4
0.974456 0.222510 -0.000380 0.030408 0.117839 0.511323 -0.276148 
000232
8
0.973549 0.086465 -0.037969 0.208047 -0.049027 -0.003974 0.243768 
5
0.957864 0.193248 0.108998 0.182406 -0.056396 0.132075 0.352810 
9
0.967569 0.124937 0.075752 0.206065 -0.087697 0.250571 0.112626 
4
0.973983 0.224298 0.000697 0.032352 0.113031 0.514026 -0.274302 
000233
8
0.973232 0.084913 -0.039099 0.209956 -0.047459 -0.002665 0.242047 
5
0.957967 0.191498 0.108047 0.184263 -0.055658 0.133644 0.350704 
9
0.967487 0.123195 0.074696 0.207874 -0.086608 0.251394 0.110109 
4
0.974220 0.222958 -0.000422 0.034431 0.114429 0.514538 -0.276873 
000234
8
0.973446 0.083440 -0.036276 0.210060 -0.048613 -0.006398 0.242623 
5
0.958048 0.189958 0.110805 0.183802 -0.056349 0.130351 0.350760 
9
0.967503 0.121701 0.077509 0.207650 -0.088528 0.247100 0.109838 
4
0.974664 0.221045 0.002076 0.034120 0.110492 0.508749 -0.279193 
000235
8
0.973203 0.085910 -0.034364 0.210512 -0.049878 -0.006121 0.243203 
5
0.957267 0.192227 0.112812 0.184290 -0.057310 0.130181 0.351923 
9
0.966919 0.124070 0.079440 0.208238 -0.090785 0.247848 0.111625 
4
0.974186 0.223078 0.004446 0.034331 0.106030 0.511351 -0.277276 
000236
8
0.972664 0.086659 -0.033148 0.212873 -0.050313 -0.005615 0.242843 
5
0.956584 0.192565 0.114291 0.186557 -0.058194 0.130554 0.351699 
9
0.966243 0.124524 0.080746 0.210590 -0.092805 0.248258 0.111580 
4
0.973992 0.223531 0.006088 0.036558 0.101796 0.513097 -0.277527 
000237
8
0.972571 0.085512 -0.031514 0.214011 -0.049825 -0.003766 0.242944 
5
0.956497 0.191228 0.115995 0.187323 -0.057771 0.132707 0.351413 
9
0.966067 0.123244 0.082415 0.211503 -0.093268 0.249608 0.111031 
4
0.974270 0.222115 0.007629 0.037470 0.099713 0.513760 -0.279348 
000238
8
0.972693 0.084195 -0.029440 0.214274 -0.049984 -0.004247 0.243549 
5
0.956560 0.189838 0.118033 0.187141 -0.057658 0.132598 0.351569 
9
0.966060 0.121891 0.084487 0.211500 -0.094066 0.248633 0.110904 
4
0.974628 0.220476 0.009447 0.037431 0.097380 0.511562 -0.281055 
000239
8
0.972335 0.083532 -0.026744 0.216501 -0.052119 -0.005036 0.244447 
5
0.956065 0.188772 0.120916 0.188902 -0.059972 0.132042 0.352158 
9
0.965496 0.120951 0.087256 0.213481 -0.098046 0.247289 0.111372 
4
0.974786 0.219311 0.012259 0.039304 0.090319 0.510160 -0.282114 
000240
8
0.972226 0.082485 -0.025747 0.217508 -0.052150 -0.004852 0.244294 
5
0.956021 0.187570 0.121979 0.189638 -0.060152 0.132479 0.351672 
9
0.965363 0.119790 0.088284 0.214313 -0.098785 0.247042 0.110649 
4
0.975009 0.218103 0.013179 0.040175 0.088508 0.509324 -0.283742 
000241
8
0.971908 0.082017 -0.022381 0.219470 -0.051740 -0.007169 0.244734 
5
0.955449 0.186707 0.125498 0.191070 -0.059715 0.130386 0.351826 
9
0.964755 0.119065 0.091709 0.216010 -0.100306 0.244188 0.110764 
4
0.975136 0.217012 0.016643 0.041691 0.083438 0.506345 -0.285375 
000242
8
0.971208 0.083789 -0.017853 0.222298 -0.051001 -0.006912 0.245541 
5
0.954096 0.187846 0.130316 0.193475 -0.058913 0.130436 0.352904 
9
0.963521 0.120437 0.096328 0.218729 -0.102446 0.244306 0.112389 
4
0.974750 0.217847 0.021761 0.043948 0.075951 0.508236 -0.285015 
000243
8
0.970824 0.085431 -0.015656 0.223512 -0.052813 -0.007919 0.246507 
5
0.953284 0.189180 0.132657 0.194580 -0.060616 0.129165 0.354214 
9
0.962829 0.121893 0.098564 0.219971 -0.105635 0.243441 0.114165 
4
0.974385 0.219007 0.024363 0.044891 0.070079 0.508782 -0.283495 
000244
8
0.970626 0.085569 -0.015897 0.224302 -0.053256 -0.006832 0.245844 
5
0.953130 0.189205 0.132509 0.195414 -0.061335 0.130198 0.353599 
9
0.962658 0.121940 0.098355 0.220787 -0.106405 0.244495 0.113570 
4
0.974314 0.219163 0.024262 0.045729 0.069107 0.510267 -0.283892 
000245
8
0.970755 0.083856 -0.014231 0.224502 -0.054304 -0.010280 0.245988 
5
0.953299 0.187451 0.134123 0.195178 -0.062199 0.127186 0.353200 
9
0.962723 0.120207 0.100014 0.220706 -0.107917 0.240473 0.112814 
4
0.974718 0.217213 0.025603 0.045685 0.066475 0.504710 -0.286160 
000246
8
0.970622 0.086584 -0.013935 0.224059 -0.054963 -0.008962 0.245715 
5
0.952748 0.190156 0.134444 0.195030 -0.062564 0.127950 0.353655 
9
0.962388 0.122949 0.100300 0.220529 -0.108654 0.242515 0.113947 
4
0.974141 0.219798 0.026323 0.045220 0.065171 0.508707 -0.283974 
000247
8
0.970460 0.087664 -0.013681 0.224357 -0.055198 -0.008517 0.245636 
5
0.952424 0.191151 0.134756 0.195423 -0.062799 0.128174 0.353857 
9
0.962138 0.123978 0.100566 0.220921 -0.109193 0.243185 0.114422 
4
0.973892 0.220784 0.026806 0.045499 0.064073 0.510300 -0.283125 
000248
8
0.970287 0.087288 -0.014265 0.225210 -0.056521 -0.008526 0.245024 
5
0.952408 0.190680 0.134262 0.196302 -0.064501 0.128201 0.353170 
9
0.962060 0.123514 0.100017 0.221768 -0.110732 0.243027 0.113615 
4
0.973925 0.220505 0.026286 0.046442 0.062680 0.510239 -0.283802 
000249
8
0.970239 0.086715 -0.015049 0.225588 -0.057544 -0.008004 0.244448 
5
0.952544 0.190096 0.133515 0.196714 -0.065806 0.128801 0.352476 
9
0.962132 0.122913 0.099250 0.222134 -0.111664 0.243417 0.112748 
4
0.974019 0.220084 0.025471 0.046930 0.062320 0.510431 -0.284552 
000250
8
0.970151 0.087345 -0.013955 0.225797 -0.059894 -0.008249 0.244940 
5
0.952251 0.190636 0.134632 0.196849 -0.067989 0.128471 0.353088 
9
0.961896 0.123498 0.100348 0.222339 -0.114489 0.243233 0.113554 
4
0.973891 0.220489 0.026679 0.046996 0.058380 0.510653 -0.283960 
000251
8
0.970075 0.087704 -0.013551 0.226005 -0.061340 -0.007133 0.245307 
5
0.952089 0.190938 0.135062 0.197045 -0.069408 0.129526 0.353534 
9
0.961761 0.123823 0.100757 0.222558 -0.116185 0.244389 0.114102 
4
0.973809 0.220758 0.027165 0.047156 0.056186 0.512106 -0.283429 
000252
8
0.970065 0.086464 -0.012836 0.226566 -0.062605 -0.006638 0.245198 
5
0.952184 0.189624 0.135791 0.197354 -0.070757 0.130308 0.353055 
9
0.961761 0.122526 0.101486 0.222945 -0.117844 0.244458 0.113343 
4
0.974073 0.219423 0.027715 0.047615 0.053920 0.511288 -0.285046 
000253
8
0.970111 0.085924 -0.012025 0.226622 -0.064562 -0.007176 0.245847 
5
0.952208 0.189062 0.136581 0.197234 -0.072601 0.129922 0.353519 
9
0.961757 0.121977 0.102293 0.222895 -0.120029 0.243721 0.113708 
4
0.974205 0.218758 0.028416 0.047555 0.051151 0.510020 -0.285287 
000254
8
0.970184 0.085350 -0.011588 0.226549 -0.067718 -0.005221 0.245482 
5
0.952303 0.188499 0.136987 0.197032 -0.075676 0.132020 0.352978 
9
0.961819 0.121414 0.102723 0.222735 -0.123236 0.245507 0.113044 
4
0.974344 0.218130 0.028728 0.047415 0.047734 0.511259 -0.286405 
000255
8
0.970692 0.082638 -0.011672 0.225369 -0.068360 -0.007658 0.245859 
5
0.953133 0.186045 0.136701 0.195544 -0.076088 0.130169 0.352619 
9
0.962485 0.118875 0.102587 0.221286 -0.123071 0.242510 0.112033 
4
0.974994 0.215564 0.027996 0.046202 0.049057 0.505702 -0.288611 
000256
8
0.970652 0.083908 -0.011517 0.225082 -0.069744 -0.008196 0.245520 
5
0.952893 0.187316 0.136859 0.195392 -0.077306 0.129378 0.352619 
9
0.962347 0.120161 0.102734 0.221121 -0.124456 0.242320 0.112348 
4
0.974732 0.216766 0.028336 0.045900 0.047432 0.506394 -0.287820 
000257
8
0.969055 0.087880 -0.010358 0.230439 -0.072318 -0.011845 0.245355 
5
0.950856 0.190328 0.138685 0.201032 -0.081110 0.124846 0.353485 
9
0.960463 0.123444 0.104098 0.226793 -0.130299 0.238997 0.114196 
4
0.973608 0.220245 0.030915 0.051225 0.037310 0.507936 -0.284544 
000258
8
0.968411 0.088448 -0.010530 0.232909 -0.073926 -0.012021 0.244422 
5
0.950262 0.190514 0.138795 0.203575 -0.083467 0.124489 0.352716 
9
0.959836 0.123717 0.104021 0.229322 -0.133110 0.238687 0.113544 
4
0.973346 0.220757 0.031188 0.053767 0.033341 0.508967 -0.284775 
000259
8
0.968332 0.087790 -0.010722 0.233476 -0.072122 -0.012472 0.243877 
5
0.950318 0.189797 0.138648 0.204084 -0.081896 0.124155 0.352003 
9
0.959825 0.123003 0.103849 0.229831 -0.131476 0.238017 0.112656 
4
0.973459 0.220143 0.030960 0.054364 0.034992 0.508006 -0.285852 
000260
8
0.968159 0.087775 -0.008534 0.234287 -0.070885 -0.012725 0.244136 
5
0.949923 0.189579 0.140888 0.204591 -0.080495 0.123995 0.352160 
9
0.959440 0.122868 0.106053 0.230502 -0.131284 0.237506 0.112900 
4
0.973452 0.219717 0.033201 0.054889 0.033004 0.507418 -0.286564 
000261
8
0.967356 0.089777 -0.003834 0.236953 -0.072174 -0.013994 0.245834 
5
0.948411 0.190943 0.145850 0.206846 -0.081624 0.122474 0.354190 
9
0.958071 0.124477 0.110826 0.233074 -0.135423 0.236073 0.115631 
4
0.972907 0.220731 0.038506 0.056982 0.023309 0.507726 -0.284897 
000262
8
0.966966 0.091154 -0.002945 0.238032 -0.071290 -0.011856 0.246233 
5
0.947778 0.192083 0.146877 0.207964 -0.080837 0.124339 0.354924 
9
0.957520 0.125700 0.111751 0.234236 -0.135433 0.238355 0.116745 
4
0.972539 0.221867 0.039769 0.057974 0.021763 0.511317 -0.283499 
000263
8
0.966435 0.089837 -0.001614 0.240688 -0.072036 -0.011973 0.246089 
5
0.947378 0.190351 0.148430 0.210260 -0.082192 0.124502 0.354372 
9
0.956970 0.124072 0.113166 0.236662 -0.137774 0.237470 0.115922 
4
0.972686 0.220288 0.041192 0.060485 0.017304 0.510067 -0.285396 
000264
8
0.966311 0.089045 0.000521 0.241482 -0.070681 -0.013297 0.246057 
5
0.947142 0.189381 0.150591 0.210664 -0.080717 0.123433 0.354030 
9
0.956687 0.123172 0.115312 0.237240 -0.137380 0.235684 0.115496 
4
0.972829 0.219122 0.043238 0.060997 0.015711 0.507566 -0.287067 
000265
8
0.965589 0.090459 0.003056 0.243816 -0.070002 -0.013104 0.246752 
5
0.946032 0.190300 0.153367 0.212810 -0.080204 0.123395 0.355001 
9
0.955651 0.124261 0.117915 0.239553 -0.138695 0.235731 0.116949 
4
0.972369 0.219960 0.046282 0.063047 0.010869 0.509077 -0.285950 
000266
8
0.965436 0.089845 0.004358 0.244628 -0.068970 -0.014263 0.247037 
5
0.945842 0.189530 0.154714 0.213367 -0.079206 0.122410 0.355063 
9
0.955413 0.123543 0.119235 0.240219 -0.138400 0.234210 0.116932 
4
0.972457 0.219112 0.047552 0.063694 0.009815 0.507114 -0.286763 
000267
8
0.965072 0.092025 0.006222 0.245212 -0.070773 -0.014437 0.247514 
5
0.944992 0.191484 0.156667 0.213961 -0.080735 0.121855 0.356045 
9
0.954734 0.125604 0.121111 0.240911 -0.141197 0.234359 0.118565 
4
0.971923 0.220856 0.049842 0.064062 0.004731 0.508861 -0.284879 
000268
8
0.964828 0.091961 0.006048 0.246198 -0.067765 -0.012534 0.246789 
5
0.944820 0.191278 0.156597 0.214955 -0.078059 0.123735 0.355318 
9
0.954526 0.125426 0.120972 0.241897 -0.138614 0.236123 0.117807 
4
0.971870 0.220798 0.049795 0.065090 0.006988 0.510924 -0.285553 
000269
8
0.964299 0.091573 0.008897 0.248319 -0.066731 -0.012103 0.247338 
5
0.944097 0.190465 0.159607 0.216631 -0.077157 0.124336 0.355641 
9
0.953759 0.124757 0.123873 0.243794 -0.139429 0.235942 0.118205 
4
0.971807 0.219849 0.052792 0.066869 0.002843 0.510626 -0.286421 
000270
8
0.964022 0.091919 0.012320 0.249121 -0.066352 -0.012514 0.248533 
5
0.943405 0.190541 0.163060 0.217009 -0.076374 0.124006 0.356772 
9
0.953121 0.124960 0.127296 0.244418 -0.140476 0.235237 0.119647 
4
0.971655 0.219538 0.056299 0.067234 -0.001524 0.509852 -0.286177 
000271
8
0.963531 0.092266 0.014182 0.250785 -0.064998 -0.010922 0.248887 
5
0.942720 0.190549 0.165071 0.218453 -0.075162 0.125574 0.357143 
9
0.952443 0.125083 0.129201 0.245997 -0.140506 0.236529 0.120230 
4
0.971441 0.219486 0.058404 0.068689 -0.004004 0.511615 -0.286107 
000272
8
0.962522 0.090856 0.018555 0.254856 -0.063484 -0.011974 0.250133 
5
0.941559 0.188377 0.169746 0.221737 -0.074149 0.124924 0.357832 
9
0.951129 0.123151 0.133673 0.249637 -0.142165 0.234174 0.120877 
4
0.971407 0.217214 0.062970 0.072252 -0.011041 0.508612 -0.287663 
000273
8
0.961831 0.092014 0.021329 0.256825 -0.063479 -0.012189 0.250970 
5
0.940471 0.189084 0.172701 0.223462 -0.074171 0.124550 0.358867 
9
0.950111 0.124024 0.136491 0.251548 -0.144015 0.233723 0.122409 
4
0.970948 0.217763 0.066152 0.073912 -0.016444 0.509171 -0.286575 
000274
8
0.961395 0.094551 0.021337 0.257534 -0.063257 -0.009450 0.251347 
5
0.939727 0.191434 0.172851 0.224474 -0.074020 0.126734 0.359938 
9
0.949530 0.126443 0.136529 0.252516 -0.144311 0.236981 0.124112 
4
0.970307 0.220178 0.066715 0.074664 -0.017644 0.514653 -0.283648 
000275
8
0.961144 0.092995 0.022281 0.258955 -0.061242 -0.008344 0.250896 
5
0.939633 0.189667 0.173881 0.225570 -0.072347 0.128170 0.359036 
9
0.949297 0.124726 0.137509 0.253713 -0.143157 0.237403 0.122893 
4
0.970534 0.218467 0.067549 0.075976 -0.017659 0.514091 -0.285896 
000276
8
0.960241 0.091756 0.026219 0.262357 -0.061774 -0.010166 0.251801 
5
0.938578 0.187774 0.178057 0.228271 -0.073261 0.126703 0.359452 
9
0.948114 0.123045 0.141520 0.256732 -0.146412 0.234406 0.123320 
4
0.970458 0.216452 0.071629 0.078927 -0.025664 0.510373 -0.287382 
000277
8
0.959675 0.092808 0.027403 0.263932 -0.062092 -0.008574 0.252538 
5
0.937801 0.188500 0.179407 0.229806 -0.073779 0.128084 0.360435 
9
0.947385 0.123879 0.142748 0.258337 -0.147912 0.235904 0.124663 
4
0.970054 0.217197 0.073189 0.080396 -0.029181 0.512940 -0.285908 
000278
8
0.959289 0.091640 0.029008 0.265565 -0.061710 -0.009216 0.252643 
5
0.937453 0.187046 0.181114 0.231071 -0.073668 0.127713 0.360166 
9
0.946930 0.122510 0.144388 0.259744 -0.148712 0.234567 0.124242 
4
0.970140 0.215728 0.074767 0.081846 -0.031902 0.510835 -0.287396 
000279
8
0.958394 0.091032 0.031056 0.268756 -0.060442 -0.009927 0.253060 
5
0.936535 0.185872 0.183429 0.233895 -0.073030 0.127121 0.360359 
9
0.945907 0.121501 0.146519 0.262735 -0.149545 0.232995 0.124466 
4
0.969937 0.214667 0.077091 0.084842 -0.035938 0.509285 -0.288052 
000280
8
0.957765 0.090093 0.033929 0.270959 -0.060464 -0.010999 0.253744 
5
0.935789 0.184493 0.186441 0.235586 -0.073260 0.126315 0.360678 
9
0.945073 0.120270 0.149431 0.264656 -0.151411 0.231061 0.124818 
4
0.969865 0.213164 0.080024 0.086718 -0.041140 0.506649 -0.289073 
000281
8
0.957382 0.091915 0.034257 0.271659 -0.058962 -0.009890 0.253913 
5
0.935155 0.186137 0.186882 0.236459 -0.071799 0.127037 0.361336 
9
0.944555 0.121979 0.149782 0.265522 -0.150463 0.232475 0.125955 
4
0.969372 0.214832 0.080768 0.087413 -0.041229 0.509643 -0.287155 
000282
8
0.956607 0.093171 0.035731 0.273763 -0.061535 -0.010724 0.254125 
5
0.934130 0.186962 0.188573 0.238507 -0.074665 0.125940 0.361848 
9
0.943583 0.122945 0.151312 0.267658 -0.154564 0.231455 0.126918 
4
0.968834 0.215699 0.082721 0.089395 -0.047928 0.509904 -0.286009 
000283
8
0.956028 0.092531 0.035780 0.275985 -0.062372 -0.012820 0.253748 
5
0.933728 0.185991 0.188827 0.240632 -0.076202 0.123888 0.361328 
9
0.943070 0.122046 0.151429 0.269802 -0.156439 0.228801 0.126244 
4
0.968757 0.215002 0.082957 0.091661 -0.050829 0.507335 -0.286891 
000284
8
0.956058 0.091919 0.035493 0.276122 -0.062488 -0.013026 0.253309 
5
0.933879 0.185389 0.188543 0.240732 -0.076449 0.123786 0.360739 
9
0.943168 0.121431 0.151149 0.269894 -0.156496 0.228444 0.125477 
4
0.968892 0.214463 0.082586 0.091832 -0.050574 0.506587 -0.287841 
000285
8
0.955746 0.093537 0.035934 0.276603 -0.064111 -0.012022 0.253573 
5
0.933320 0.186863 0.189067 0.241348 -0.078036 0.124460 0.361428 
9
0.942719 0.122963 0.151604 0.270513 -0.158587 0.229723 0.126608 
4
0.968458 0.215920 0.083374 0.092287 -0.053651 0.509192 -0.286067 
000286
8
0.955419 0.094129 0.036242 0.277491 -0.064340 -0.012467 0.253112 
5
0.932917 0.187284 0.189474 0.242262 -0.078440 0.123871 0.361126 
9
0.942337 0.123436 0.151937 0.271440 -0.159371 0.229237 0.126483 
4
0.968220 0.216403 0.083902 0.093165 -0.055283 0.509351 -0.285968 
000287
8
0.954601 0.094929 0.037352 0.279874 -0.065740 -0.014619 0.253451 
5
0.931966 0.187636 0.190822 0.244581 -0.080307 0.121510 0.361665 
9
0.941391 0.123923 0.153113 0.273830 -0.162293 0.226746 0.127330 
4
0.967751 0.216887 0.085457 0.095479 -0.060551 0.507903 -0.284997 
000288
8
0.954126 0.096747 0.036456 0.280989 -0.065976 -0.012907 0.252161 
5
0.931402 0.189263 0.190105 0.246030 -0.080921 0.122742 0.360925 
9
0.940912 0.125595 0.152265 0.275183 -0.162924 0.228778 0.126957 
4
0.967236 0.218762 0.085064 0.096761 -0.061413 0.511855 -0.284112 
000289
8
0.953471 0.095097 0.037988 0.283559 -0.067797 -0.015183 0.251494 
5
0.930899 0.187190 0.191817 0.248180 -0.083347 0.120780 0.359780 
9
0.940238 0.123635 0.153858 0.277479 -0.166311 0.225482 0.125549 
4
0.967293 0.216806 0.086613 0.099185 -0.067045 0.507607 -0.286719 
000290
8
0.952903 0.095925 0.038522 0.285115 -0.068882 -0.014309 0.251142 
5
0.930225 0.187722 0.192516 0.249758 -0.084751 0.121439 0.359652 
9
0.939587 0.124256 0.154435 0.279082 -0.168352 0.226215 0.125681 
4
0.966910 0.217449 0.087496 0.100726 -0.070535 0.509288 -0.286285 
000291
8
0.952817 0.095275 0.038544 0.285618 -0.067730 -0.014617 0.250685 
5
0.930245 0.187011 0.192571 0.250176 -0.083788 0.121244 0.359026 
9
0.939545 0.123554 0.154471 0.279515 -0.167402 0.225651 0.124895 
4
0.967004 0.216803 0.087469 0.101232 -0.069713 0.508335 -0.287368 
000292
8
0.951766 0.095928 0.040835 0.288568 -0.070690 -0.015223 0.250920 
5
0.928967 0.187076 0.195122 0.252884 -0.087184 0.120491 0.359379 
9
0.938263 0.123809 0.156827 0.282382 -0.172483 0.224425 0.125646 
4
0.966437 0.216904 0.090225 0.103980 -0.078419 0.507892 -0.286923 
000293
8
0.951667 0.097643 0.040818 0.288322 -0.070563 -0.012346 0.250609 
5
0.928631 0.188778 0.195126 0.252851 -0.086872 0.123022 0.359528 
9
0.938058 0.125531 0.156805 0.282315 -0.172350 0.227768 0.126224 
4
0.966063 0.218563 0.090484 0.103750 -0.078546 0.512532 -0.285510 
000294
8
0.951641 0.096371 0.042045 0.288660 -0.072244 -0.012201 0.250258 
5
0.928645 0.187437 0.196326 0.252868 -0.088521 0.123486 0.358783 
9
0.937988 0.124217 0.158027 0.282445 -0.174463 0.227424 0.125287 
4
0.966279 0.217102 0.091497 0.103926 -0.081579 0.511006 -0.287470 
000295
8
0.951603 0.095299 0.043239 0.288964 -0.072796 -0.013597 0.250610 
5
0.928623 0.186296 0.197495 0.252882 -0.089025 0.122368 0.358794 
9
0.937898 0.123105 0.159214 0.282565 -0.175435 0.225596 0.125157 
4
0.966449 0.215839 0.092509 0.104075 -0.083472 0.508148 -0.288512 
000296
8
0.951260 0.095669 0.042838 0.290028 -0.073154 -0.013883 0.250791 
5
0.928325 0.186503 0.197218 0.254038 -0.089749 0.121929 0.359112 
9
0.937589 0.123347 0.158851 0.283687 -0.176208 0.225229 0.125525 
4
0.966254 0.216232 0.092331 0.105224 -0.084544 0.508427 -0.287768 
000297
8
0.950733 0.095550 0.044131 0.291597 -0.074783 -0.014939 0.250650 
5
0.927730 0.186080 0.198634 0.255413 -0.091628 0.120894 0.358906 
9
0.936960 0.123020 0.160176 0.285160 -0.178952 0.223713 0.125428 
4
0.966047 0.215822 0.093785 0.106674 -0.089176 0.506927 -0.288269 
000298
8
0.950377 0.097387 0.044189 0.292141 -0.075155 -0.013704 0.250772 
5
0.927146 0.187772 0.198794 0.256170 -0.092028 0.121723 0.359532 
9
0.936493 0.124766 0.160253 0.285889 -0.179724 0.225281 0.126520 
4
0.965549 0.217557 0.094248 0.107248 -0.090717 0.510070 -0.286260 
000299
8
0.949737 0.096724 0.044837 0.294337 -0.077397 -0.013843 0.250052 
5
0.926614 0.186749 0.199625 0.258187 -0.094859 0.121645 0.358641 
9
0.935859 0.123836 0.160957 0.287969 -0.183153 0.224479 0.125534 
4
0.965413 0.216721 0.095061 0.109419 -0.095688 0.509140 -0.287664 
000300
8
0.949483 0.095363 0.045614 0.295478 -0.076833 -0.014155 0.250077 
5
0.926500 0.185213 0.200460 0.259053 -0.094595 0.121602 0.358283 
9
0.935625 0.122344 0.161756 0.288917 -0.183265 0.223532 0.124922 
4
0.965560 0.215228 0.095730 0.110479 -0.096733 0.507223 -0.289138 
